    0.000004454123     -0.369799307610E-04    0.0000
    0.000008964273     -0.744226621333E-04    0.0000
    0.000013531153     -0.112333956046E-03    0.0000
    0.000018155477     -0.150719645406E-03    0.0000
    0.000022837969     -0.189585634949E-03    0.0000
    0.000027579358     -0.228937902110E-03    0.0000
    0.000032380387     -0.268782497891E-03    0.0000
    0.000037241806     -0.309125547754E-03    0.0000
    0.000042164374     -0.349973252508E-03    0.0000
    0.000047148860     -0.391331889218E-03    0.0000
    0.000052196043     -0.433207812119E-03    0.0000
    0.000057306712     -0.475607453544E-03    0.0000
    0.000062481665     -0.518537324856E-03    0.0000
    0.000067721711     -0.562004017398E-03    0.0000
    0.000073027669     -0.606014203450E-03    0.0000
    0.000078400367     -0.650574637196E-03    0.0000
    0.000083840646     -0.695692155706E-03    0.0000
    0.000089349355     -0.741373679923E-03    0.0000
    0.000094927355     -0.787626215666E-03    0.0000
    0.000100575517     -0.834456854642E-03    0.0000
    0.000106294725     -0.881872775474E-03    0.0000
    0.000112085871     -0.929881244730E-03    0.0000
    0.000117949861     -0.978489617974E-03    0.0000
    0.000123887612     -0.102770534082E-02    0.0000
    0.000129900049     -0.107753595003E-02    0.0000
    0.000135988114     -0.112798907453E-02    0.0000
    0.000142152758     -0.117907243658E-02    0.0000
    0.000148394943     -0.123079385285E-02    0.0000
    0.000154715645     -0.128316123551E-02    0.0000
    0.000161115851     -0.133618259342E-02    0.0000
    0.000167596563     -0.138986603323E-02    0.0000
    0.000174158791     -0.144421976054E-02    0.0000
    0.000180803563     -0.149925208108E-02    0.0000
    0.000187531915     -0.155497140189E-02    0.0000
    0.000194344900     -0.161138623252E-02    0.0000
    0.000201243581     -0.166850518624E-02    0.0000
    0.000208229037     -0.172633698121E-02    0.0000
    0.000215302359     -0.178489044181E-02    0.0000
    0.000222464653     -0.184417449980E-02    0.0000
    0.000229717037     -0.190419819562E-02    0.0000
    0.000237060645     -0.196497067967E-02    0.0000
    0.000244496625     -0.202650121356E-02    0.0000
    0.000252026137     -0.208879917147E-02    0.0000
    0.000259650359     -0.215187404143E-02    0.0000
    0.000267370482     -0.221573542663E-02    0.0000
    0.000275187712     -0.228039304682E-02    0.0000
    0.000283103271     -0.234585673963E-02    0.0000
    0.000291118395     -0.241213646192E-02    0.0000
    0.000299234337     -0.247924229125E-02    0.0000
    0.000307452365     -0.254718442719E-02    0.0000
    0.000315773763     -0.261597319280E-02    0.0000
    0.000324199832     -0.268561903602E-02    0.0000
    0.000332731887     -0.275613253114E-02    0.0000
    0.000341371263     -0.282752438028E-02    0.0000
    0.000350119308     -0.289980541480E-02    0.0000
    0.000358977390     -0.297298659688E-02    0.0000
    0.000367946893     -0.304707902095E-02    0.0000
    0.000377029219     -0.312209391526E-02    0.0000
    0.000386225786     -0.319804264342E-02    0.0000
    0.000395538032     -0.327493670590E-02    0.0000
    0.000404967411     -0.335278774168E-02    0.0000
    0.000414515398     -0.343160752977E-02    0.0000
    0.000424183483     -0.351140799086E-02    0.0000
    0.000433973178     -0.359220118889E-02    0.0000
    0.000443886012     -0.367399933273E-02    0.0000
    0.000453923534     -0.375681477782E-02    0.0000
    0.000464087313     -0.384066002781E-02    0.0000
    0.000474378936     -0.392554773627E-02    0.0000
    0.000484800012     -0.401149070839E-02    0.0000
    0.000495352169     -0.409850190270E-02    0.0000
    0.000506037055     -0.418659443278E-02    0.0000
    0.000516856341     -0.427578156905E-02    0.0000
    0.000527811717     -0.436607674049E-02    0.0000
    0.000538904895     -0.445749353647E-02    0.0000
    0.000550137607     -0.455004570854E-02    0.0000
    0.000561511610     -0.464374717224E-02    0.0000
    0.000573028680     -0.473861200895E-02    0.0000
    0.000584690617     -0.483465446772E-02    0.0000
    0.000596499243     -0.493188896719E-02    0.0000
    0.000608456403     -0.503033009742E-02    0.0000
    0.000620563966     -0.512999262185E-02    0.0000
    0.000632823823     -0.523089147922E-02    0.0000
    0.000645237890     -0.533304178546E-02    0.0000
    0.000657808107     -0.543645883573E-02    0.0000
    0.000670536438     -0.554115810633E-02    0.0000
    0.000683424872     -0.564715525676E-02    0.0000
    0.000696475422     -0.575446613168E-02    0.0000
    0.000709690128     -0.586310676298E-02    0.0000
    0.000723071054     -0.597309337182E-02    0.0000
    0.000736620292     -0.608444237069E-02    0.0000
    0.000750339958     -0.619717036553E-02    0.0000
    0.000764232196     -0.631129415780E-02    0.0000
    0.000778299177     -0.642683074665E-02    0.0000
    0.000792543099     -0.654379733100E-02    0.0000
    0.000806966188     -0.666221131177E-02    0.0000
    0.000821570696     -0.678209029402E-02    0.0000
    0.000836358907     -0.690345208915E-02    0.0000
    0.000851333130     -0.702631471716E-02    0.0000
    0.000866495706     -0.715069640882E-02    0.0000
    0.000881849004     -0.727661560797E-02    0.0000
    0.000897395422     -0.740409097381E-02    0.0000
    0.000913137390     -0.753314138312E-02    0.0000
    0.000929077368     -0.766378593266E-02    0.0000
    0.000945217846     -0.779604394142E-02    0.0000
    0.000961561347     -0.792993495304E-02    0.0000
    0.000978110423     -0.806547873809E-02    0.0000
    0.000994867661     -0.820269529655E-02    0.0000
    0.001011835679     -0.834160486014E-02    0.0000
    0.001029017129     -0.848222789476E-02    0.0000
    0.001046414694     -0.862458510297E-02    0.0000
    0.001064031094     -0.876869742636E-02    0.0000
    0.001081869081     -0.891458604813E-02    0.0000
    0.001099931442     -0.906227239548E-02    0.0000
    0.001118221000     -0.921177814222E-02    0.0000
    0.001136740612     -0.936312521122E-02    0.0000
    0.001155493172     -0.951633577698E-02    0.0000
    0.001174481611     -0.967143226823E-02    0.0000
    0.001193708894     -0.982843737045E-02    0.0000
    0.001213178027     -0.998737402851E-02    0.0000
    0.001232892052     -0.101482654493E-01    0.0000
    0.001252854048     -0.103111351043E-01    0.0000
    0.001273067135     -0.104760067323E-01    0.0000
    0.001293534472     -0.106429043419E-01    0.0000
    0.001314259256     -0.108118522147E-01    0.0000
    0.001335244726     -0.109828749071E-01    0.0000
    0.001356494161     -0.111559972539E-01    0.0000
    0.001378010880     -0.113312443705E-01    0.0000
    0.001399798247     -0.115086416560E-01    0.0000
    0.001421859664     -0.116882147956E-01    0.0000
    0.001444198581     -0.118699897635E-01    0.0000
    0.001466818486     -0.120539928260E-01    0.0000
    0.001489722915     -0.122402505437E-01    0.0000
    0.001512915446     -0.124287897749E-01    0.0000
    0.001536399703     -0.126196376781E-01    0.0000
    0.001560179355     -0.128128217150E-01    0.0000
    0.001584258119     -0.130083696533E-01    0.0000
    0.001608639757     -0.132063095693E-01    0.0000
    0.001633328077     -0.134066698514E-01    0.0000
    0.001658326939     -0.136094792025E-01    0.0000
    0.001683640247     -0.138147666430E-01    0.0000
    0.001709271958     -0.140225615138E-01    0.0000
    0.001735226076     -0.142328934791E-01    0.0000
    0.001761506657     -0.144457925296E-01    0.0000
    0.001788117806     -0.146612889852E-01    0.0000
    0.001815063683     -0.148794134978E-01    0.0000
    0.001842348497     -0.151001970548E-01    0.0000
    0.001869976512     -0.153236709816E-01    0.0000
    0.001897952044     -0.155498669446E-01    0.0000
    0.001926279465     -0.157788169546E-01    0.0000
    0.001954963202     -0.160105533693E-01    0.0000
    0.001984007735     -0.162451088965E-01    0.0000
    0.002013417604     -0.164825165971E-01    0.0000
    0.002043197403     -0.167228098881E-01    0.0000
    0.002073351786     -0.169660225455E-01    0.0000
    0.002103885464     -0.172121887075E-01    0.0000
    0.002134803209     -0.174613428774E-01    0.0000
    0.002166109851     -0.177135199266E-01    0.0000
    0.002197810282     -0.179687550973E-01    0.0000
    0.002229909456     -0.182270840064E-01    0.0000
    0.002262412387     -0.184885426473E-01    0.0000
    0.002295324155     -0.187531673938E-01    0.0000
    0.002328649903     -0.190209950029E-01    0.0000
    0.002362394836     -0.192920626175E-01    0.0000
    0.002396564228     -0.195664077695E-01    0.0000
    0.002431163419     -0.198440683830E-01    0.0000
    0.002466197814     -0.201250827770E-01    0.0000
    0.002501672887     -0.204094896684E-01    0.0000
    0.002537594181     -0.206973281751E-01    0.0000
    0.002573967310     -0.209886378187E-01    0.0000
    0.002610797957     -0.212834585276E-01    0.0000
    0.002648091876     -0.215818306396E-01    0.0000
    0.002685854895     -0.218837949053E-01    0.0000
    0.002724092914     -0.221893924905E-01    0.0000
    0.002762811908     -0.224986649791E-01    0.0000
    0.002802017927     -0.228116543761E-01    0.0000
    0.002841717097     -0.231284031104E-01    0.0000
    0.002881915621     -0.234489540373E-01    0.0000
    0.002922619781     -0.237733504415E-01    0.0000
    0.002963835935     -0.241016360397E-01    0.0000
    0.003005570526     -0.244338549834E-01    0.0000
    0.003047830072     -0.247700518613E-01    0.0000
    0.003090621179     -0.251102717022E-01    0.0000
    0.003133950531     -0.254545599775E-01    0.0000
    0.003177824899     -0.258029626036E-01    0.0000
    0.003222251139     -0.261555259445E-01    0.0000
    0.003267236192     -0.265122968145E-01    0.0000
    0.003312787088     -0.268733224801E-01    0.0000
    0.003358910943     -0.272386506627E-01    0.0000
    0.003405614965     -0.276083295410E-01    0.0000
    0.003452906451     -0.279824077532E-01    0.0000
    0.003500792791     -0.283609343988E-01    0.0000
    0.003549281467     -0.287439590415E-01    0.0000
    0.003598380056     -0.291315317107E-01    0.0000
    0.003648096228     -0.295237029037E-01    0.0000
    0.003698437753     -0.299205235878E-01    0.0000
    0.003749412497     -0.303220452022E-01    0.0000
    0.003801028424     -0.307283196594E-01    0.0000
    0.003853293599     -0.311393993476E-01    0.0000
    0.003906216189     -0.315553371319E-01    0.0000
    0.003959804464     -0.319761863562E-01    0.0000
    0.004014066796     -0.324020008443E-01    0.0000
    0.004069011664     -0.328328349020E-01    0.0000
    0.004124647653     -0.332687433175E-01    0.0000
    0.004180983457     -0.337097813638E-01    0.0000
    0.004238027879     -0.341560047986E-01    0.0000
    0.004295789830     -0.346074698663E-01    0.0000
    0.004354278338     -0.350642332985E-01    0.0000
    0.004413502541     -0.355263523150E-01    0.0000
    0.004473471692     -0.359938846243E-01    0.0000
    0.004534195162     -0.364668884243E-01    0.0000
    0.004595682440     -0.369454224028E-01    0.0000
    0.004657943132     -0.374295457379E-01    0.0000
    0.004720986967     -0.379193180981E-01    0.0000
    0.004784823797     -0.384147996423E-01    0.0000
    0.004849463594     -0.389160510200E-01    0.0000
    0.004914916461     -0.394231333709E-01    0.0000
    0.004981192623     -0.399361083245E-01    0.0000
    0.005048302436     -0.404550379997E-01    0.0000
    0.005116256387     -0.409799850041E-01    0.0000
    0.005185065094     -0.415110124332E-01    0.0000
    0.005254739307     -0.420481838691E-01    0.0000
    0.005325289914     -0.425915633798E-01    0.0000
    0.005396727939     -0.431412155172E-01    0.0000
    0.005469064543     -0.436972053163E-01    0.0000
    0.005542311030     -0.442595982927E-01    0.0000
    0.005616478844     -0.448284604410E-01    0.0000
    0.005691579574     -0.454038582327E-01    0.0000
    0.005767624956     -0.459858586135E-01    0.0000
    0.005844626870     -0.465745290012E-01    0.0000
    0.005922597350     -0.471699372822E-01    0.0000
    0.006001548577     -0.477721518088E-01    0.0000
    0.006081492888     -0.483812413962E-01    0.0000
    0.006162442775     -0.489972753181E-01    0.0000
    0.006244410886     -0.496203233038E-01    0.0000
    0.006327410030     -0.502504555334E-01    0.0000
    0.006411453173     -0.508877426338E-01    0.0000
    0.006496553450     -0.515322556741E-01    0.0000
    0.006582724156     -0.521840661602E-01    0.0000
    0.006669978756     -0.528432460303E-01    0.0000
    0.006758330884     -0.535098676488E-01    0.0000
    0.006847794345     -0.541840038006E-01    0.0000
    0.006938383118     -0.548657276850E-01    0.0000
    0.007030111357     -0.555551129092E-01    0.0000
    0.007122993396     -0.562522334812E-01    0.0000
    0.007217043747     -0.569571638031E-01    0.0000
    0.007312277105     -0.576699786629E-01    0.0000
    0.007408708352     -0.583907532271E-01    0.0000
    0.007506352554     -0.591195630321E-01    0.0000
    0.007605224970     -0.598564839755E-01    0.0000
    0.007705341047     -0.606015923071E-01    0.0000
    0.007806716429     -0.613549646193E-01    0.0000
    0.007909366957     -0.621166778371E-01    0.0000
    0.008013308669     -0.628868092078E-01    0.0000
    0.008118557808     -0.636654362902E-01    0.0000
    0.008225130817     -0.644526369429E-01    0.0000
    0.008333044350     -0.652484893131E-01    0.0000
    0.008442315268     -0.660530718241E-01    0.0000
    0.008552960645     -0.668664631622E-01    0.0000
    0.008664997769     -0.676887422640E-01    0.0000
    0.008778444147     -0.685199883023E-01    0.0000
    0.008893317505     -0.693602806718E-01    0.0000
    0.009009635792     -0.702096989742E-01    0.0000
    0.009127417182     -0.710683230029E-01    0.0000
    0.009246680080     -0.719362327267E-01    0.0000
    0.009367443121     -0.728135082735E-01    0.0000
    0.009489725174     -0.737002299129E-01    0.0000
    0.009613545346     -0.745964780383E-01    0.0000
    0.009738922983     -0.755023331488E-01    0.0000
    0.009865877678     -0.764178758293E-01    0.0000
    0.009994429265     -0.773431867317E-01    0.0000
    0.010124597833     -0.782783465535E-01    0.0000
    0.010256403720     -0.792234360172E-01    0.0000
    0.010389867520     -0.801785358481E-01    0.0000
    0.010525010089     -0.811437267518E-01    0.0000
    0.010661852542     -0.821190893908E-01    0.0000
    0.010800416261     -0.831047043603E-01    0.0000
    0.010940722897     -0.841006521631E-01    0.0000
    0.011082794373     -0.851070131843E-01    0.0000
    0.011226652888     -0.861238676641E-01    0.0000
    0.011372320921     -0.871512956711E-01    0.0000
    0.011519821232     -0.881893770734E-01    0.0000
    0.011669176869     -0.892381915096E-01    0.0000
    0.011820411168     -0.902978183592E-01    0.0000
    0.011973547760     -0.913683367108E-01    0.0000
    0.012128610574     -0.924498253310E-01    0.0000
    0.012285623838     -0.935423626310E-01    0.0000
    0.012444612085     -0.946460266331E-01    0.0000
    0.012605600159     -0.957608949354E-01    0.0000
    0.012768613213     -0.968870446765E-01    0.0000
    0.012933676719     -0.980245524981E-01    0.0000
    0.013100816468     -0.991734945071E-01    0.0000
    0.013270058577     -0.100333946237E+00    0.0000
    0.013441429489     -0.101505982607E+00    0.0000
    0.013614955982     -0.102689677881E+00    0.0000
    0.013790665170     -0.103885105625E+00    0.0000
    0.013968584507     -0.105092338664E+00    0.0000
    0.014148741793     -0.106311449037E+00    0.0000
    0.014331165180     -0.107542507950E+00    0.0000
    0.014515883170     -0.108785585729E+00    0.0000
    0.014702924626     -0.110040751774E+00    0.0000
    0.014892318775     -0.111308074504E+00    0.0000
    0.015084095208     -0.112587621309E+00    0.0000
    0.015278283892     -0.113879458500E+00    0.0000
    0.015474915169     -0.115183651248E+00    0.0000
    0.015674019763     -0.116500263536E+00    0.0000
    0.015875628785     -0.117829358098E+00    0.0000
    0.016079773736     -0.119170996360E+00    0.0000
    0.016286486514     -0.120525238384E+00    0.0000
    0.016495799419     -0.121892142805E+00    0.0000
    0.016707745156     -0.123271766766E+00    0.0000
    0.016922356842     -0.124664165860E+00    0.0000
    0.017139668011     -0.126069394055E+00    0.0000
    0.017359712618     -0.127487503636E+00    0.0000
    0.017582525045     -0.128918545128E+00    0.0000
    0.017808140108     -0.130362567230E+00    0.0000
    0.018036593059     -0.131819616741E+00    0.0000
    0.018267919594     -0.133289738488E+00    0.0000
    0.018502155859     -0.134772975245E+00    0.0000
    0.018739338453     -0.136269367660E+00    0.0000
    0.018979504437     -0.137778954175E+00    0.0000
    0.019222691337     -0.139301770941E+00    0.0000
    0.019468937152     -0.140837851740E+00    0.0000
    0.019718280358     -0.142387227896E+00    0.0000
    0.019970759916     -0.143949928191E+00    0.0000
    0.020226415275     -0.145525978773E+00    0.0000
    0.020485286383     -0.147115403068E+00    0.0000
    0.020747413688     -0.148718221685E+00    0.0000
    0.021012838149     -0.150334452325E+00    0.0000
    0.021281601239     -0.151964109679E+00    0.0000
    0.021553744953     -0.153607205331E+00    0.0000
    0.021829311812     -0.155263747660E+00    0.0000
    0.022108344877     -0.156933741732E+00    0.0000
    0.022390887745     -0.158617189200E+00    0.0000
    0.022676984565     -0.160314088191E+00    0.0000
    0.022966680040     -0.162024433200E+00    0.0000
    0.023260019435     -0.163748214980E+00    0.0000
    0.023557048586     -0.165485420421E+00    0.0000
    0.023857813903     -0.167236032443E+00    0.0000
    0.024162362383     -0.169000029870E+00    0.0000
    0.024470741611     -0.170777387311E+00    0.0000
    0.024782999771     -0.172568075041E+00    0.0000
    0.025099185657     -0.174372058870E+00    0.0000
    0.025419348671     -0.176189300018E+00    0.0000
    0.025743538839     -0.178019754985E+00    0.0000
    0.026071806819     -0.179863375416E+00    0.0000
    0.026404203901     -0.181720107971E+00    0.0000
    0.026740782023     -0.183589894182E+00    0.0000
    0.027081593778     -0.185472670316E+00    0.0000
    0.027426692416     -0.187368367234E+00    0.0000
    0.027776131861     -0.189276910245E+00    0.0000
    0.028129966713     -0.191198218956E+00    0.0000
    0.028488252260     -0.193132207128E+00    0.0000
    0.028851044484     -0.195078782521E+00    0.0000
    0.029218400072     -0.197037846738E+00    0.0000
    0.029590376425     -0.199009295072E+00    0.0000
    0.029967031664     -0.200993016343E+00    0.0000
    0.030348424643     -0.202988892736E+00    0.0000
    0.030734614956     -0.204996799640E+00    0.0000
    0.031125662944     -0.207016605479E+00    0.0000
    0.031521629710     -0.209048171541E+00    0.0000
    0.031922577125     -0.211091351810E+00    0.0000
    0.032328567838     -0.213145992787E+00    0.0000
    0.032739665286     -0.215211933319E+00    0.0000
    0.033155933702     -0.217289004414E+00    0.0000
    0.033577438131     -0.219377029064E+00    0.0000
    0.034004244433     -0.221475822059E+00    0.0000
    0.034436419297     -0.223585189803E+00    0.0000
    0.034874030252     -0.225704930120E+00    0.0000
    0.035317145675     -0.227834832071E+00    0.0000
    0.035765834804     -0.229974675755E+00    0.0000
    0.036220167747     -0.232124232116E+00    0.0000
    0.036680215496     -0.234283262743E+00    0.0000
    0.037146049932     -0.236451519677E+00    0.0000
    0.037617743845     -0.238628745200E+00    0.0000
    0.038095370936     -0.240814671639E+00    0.0000
    0.038579005837     -0.243009021155E+00    0.0000
    0.039068724116     -0.245211505540E+00    0.0000
    0.039564602292     -0.247421826002E+00    0.0000
    0.040066717848     -0.249639672959E+00    0.0000
    0.040575149241     -0.251864725822E+00    0.0000
    0.041089975912     -0.254096652782E+00    0.0000
    0.041611278307     -0.256335110592E+00    0.0000
    0.042139137878     -0.258579744354E+00    0.0000
    0.042673637105     -0.260830187292E+00    0.0000
    0.043214859505     -0.263086060538E+00    0.0000
    0.043762889644     -0.265346972907E+00    0.0000
    0.044317813155     -0.267612520675E+00    0.0000
    0.044879716743     -0.269882287356E+00    0.0000
    0.045448688209     -0.272155843474E+00    0.0000
    0.046024816455     -0.274432746343E+00    0.0000
    0.046608191501     -0.276712539835E+00    0.0000
    0.047198904503     -0.278994754157E+00    0.0000
    0.047797047760     -0.281278905624E+00    0.0000
    0.048402714732     -0.283564496430E+00    0.0000
    0.049016000057     -0.285851014421E+00    0.0000
    0.049636999562     -0.288137932869E+00    0.0000
    0.050265810279     -0.290424710247E+00    0.0000
    0.050902530461     -0.292710789996E+00    0.0000
    0.051547259597     -0.294995600307E+00    0.0000
    0.052200098428     -0.297278553891E+00    0.0000
    0.052861148960     -0.299559047756E+00    0.0000
    0.053530514484     -0.301836462987E+00    0.0000
    0.054208299590     -0.304110164520E+00    0.0000
    0.054894610183     -0.306379500928E+00    0.0000
    0.055589553500     -0.308643804196E+00    0.0000
    0.056293238128     -0.310902389514E+00    0.0000
    0.057005774020     -0.313154555056E+00    0.0000
    0.057727272509     -0.315399581774E+00    0.0000
    0.058457846332     -0.317636733187E+00    0.0000
    0.059197609643     -0.319865255180E+00    0.0000
    0.059946678031     -0.322084375800E+00    0.0000
    0.060705168539     -0.324293305059E+00    0.0000
    0.061473199683     -0.326491234738E+00    0.0000
    0.062250891470     -0.328677338205E+00    0.0000
    0.063038365415     -0.330850770222E+00    0.0000
    0.063835744563     -0.333010666769E+00    0.0000
    0.064643153506     -0.335156144871E+00    0.0000
    0.065460718403     -0.337286302425E+00    0.0000
    0.066288567001     -0.339400218042E+00    0.0000
    0.067126828652     -0.341496950886E+00    0.0000
    0.067975634337     -0.343575540527E+00    0.0000
    0.068835116683     -0.345635006797E+00    0.0000
    0.069705409986     -0.347674349656E+00    0.0000
    0.070586650231     -0.349692549061E+00    0.0000
    0.071478975113     -0.351688564852E+00    0.0000
    0.072382524062     -0.353661336637E+00    0.0000
    0.073297438256     -0.355609783693E+00    0.0000
    0.074223860655     -0.357532804875E+00    0.0000
    0.075161936013     -0.359429278530E+00    0.0000
    0.076111810906     -0.361298062431E+00    0.0000
    0.077073633755     -0.363137993714E+00    0.0000
    0.078047554845     -0.364947888828E+00    0.0000
    0.079033726355     -0.366726543500E+00    0.0000
    0.080032302376     -0.368472732710E+00    0.0000
    0.081043438936     -0.370185210678E+00    0.0000
    0.082067294029     -0.371862710867E+00    0.0000
    0.083104027634     -0.373503945999E+00    0.0000
    0.084153801741     -0.375107608084E+00    0.0000
    0.085216780382     -0.376672368465E+00    0.0000
    0.086293129648     -0.378196877880E+00    0.0000
    0.087383017721     -0.379679766539E+00    0.0000
    0.088486614898     -0.381119644214E+00    0.0000
    0.089604093619     -0.382515100357E+00    0.0000
    0.090735628492     -0.383864704221E+00    0.0000
    0.091881396322     -0.385167005012E+00    0.0000
    0.093041576136     -0.386420532056E+00    0.0000
    0.094216349216     -0.387623794980E+00    0.0000
    0.095405899123     -0.388775283922E+00    0.0000
    0.096610411725     -0.389873469759E+00    0.0000
    0.097830075231     -0.390916804351E+00    0.0000
    0.099065080215     -0.391903720817E+00    0.0000
    0.100315619649     -0.392832633825E+00    0.0000
    0.101581888933     -0.393701939911E+00    0.0000
    0.102864085924     -0.394510017817E+00    0.0000
    0.104162410967     -0.395255228861E+00    0.0000
    0.105477066929     -0.395935917324E+00    0.0000
    0.106808259228     -0.396550410869E+00    0.0000
    0.108156195864     -0.397097020985E+00    0.0000
    0.109521087456     -0.397574043456E+00    0.0000
    0.110903147271     -0.397979758860E+00    0.0000
    0.112302591258     -0.398312433100E+00    0.0000
    0.113719638083     -0.398570317956E+00    0.0000
    0.115154509164     -0.398751651673E+00    0.0000
    0.116607428700     -0.398854659581E+00    0.0000
    0.118078623715     -0.398877554737E+00    0.0000
    0.119568324085     -0.398818538610E+00    0.0000
    0.121076762578     -0.398675801793E+00    0.0000
    0.122604174893     -0.398447524747E+00    0.0000
    0.124150799689     -0.398131878578E+00    0.0000
    0.125716878630     -0.397727025856E+00    0.0000
    0.127302656419     -0.397231121456E+00    0.0000
    0.128908380837     -0.396642313449E+00    0.0000
    0.130534302782     -0.395958744014E+00    0.0000
    0.132180676307     -0.395178550401E+00    0.0000
    0.133847758662     -0.394299865919E+00    0.0000
    0.135535810332     -0.393320820967E+00    0.0000
    0.137245095078     -0.392239544108E+00    0.0000
    0.138975879979     -0.391054163170E+00    0.0000
    0.140728435474     -0.389762806394E+00    0.0000
    0.142503035403     -0.388363603621E+00    0.0000
    0.144299957052     -0.386854687519E+00    0.0000
    0.146119481193     -0.385234194845E+00    0.0000
    0.147961892129     -0.383500267752E+00    0.0000
    0.149827477743     -0.381651055139E+00    0.0000
    0.151716529534     -0.379684714038E+00    0.0000
    0.153629342673     -0.377599411041E+00    0.0000
    0.155566216038     -0.375393323777E+00    0.0000
    0.157527452271     -0.373064642419E+00    0.0000
    0.159513357819     -0.370611571242E+00    0.0000
    0.161524242984     -0.368032330221E+00    0.0000
    0.163560421971     -0.365325156668E+00    0.0000
    0.165622212936     -0.362488306912E+00    0.0000
    0.167709938039     -0.359520058024E+00    0.0000
    0.169823923491     -0.356418709580E+00    0.0000
    0.171964499606     -0.353182585467E+00    0.0000
    0.174132000855     -0.349810035729E+00    0.0000
    0.176326765913     -0.346299438456E+00    0.0000
    0.178549137716     -0.342649201715E+00    0.0000
    0.180799463516     -0.338857765511E+00    0.0000
    0.183078094930     -0.334923603803E+00    0.0000
    0.185385387999     -0.330845226546E+00    0.0000
    0.187721703242     -0.326621181775E+00    0.0000
    0.190087405712     -0.322250057731E+00    0.0000
    0.192482865057     -0.317730485015E+00    0.0000
    0.194908455571     -0.313061138784E+00    0.0000
    0.197364556258     -0.308240740979E+00    0.0000
    0.199851550888     -0.303268062584E+00    0.0000
    0.202369828060     -0.298141925920E+00    0.0000
    0.204919781258     -0.292861206967E+00    0.0000
    0.207501808920     -0.287424837717E+00    0.0000
    0.210116314492     -0.281831808552E+00    0.0000
    0.212763706495     -0.276081170649E+00    0.0000
    0.215444398590     -0.270172038406E+00    0.0000
    0.218158809641     -0.264103591893E+00    0.0000
    0.220907363780     -0.257875079318E+00    0.0000
    0.223690490473     -0.251485819517E+00    0.0000
    0.226508624591     -0.244935204450E+00    0.0000
    0.229362206473     -0.238222701713E+00    0.0000
    0.232251681996     -0.231347857063E+00    0.0000
    0.235177502646     -0.224310296943E+00    0.0000
    0.238140125590     -0.217109731017E+00    0.0000
    0.241140013743     -0.209745954699E+00    0.0000
    0.244177635844     -0.202218851684E+00    0.0000
    0.247253466527     -0.194528396471E+00    0.0000
    0.250367986398     -0.186674656881E+00    0.0000
    0.253521682105     -0.178657796550E+00    0.0000
    0.256715046422     -0.170478077418E+00    0.0000
    0.259948578316     -0.162135862192E+00    0.0000
    0.263222783035     -0.153631616781E+00    0.0000
    0.266538172179     -0.144965912706E+00    0.0000
    0.269895263785     -0.136139429475E+00    0.0000
    0.273294582405     -0.127152956922E+00    0.0000
    0.276736659190     -0.118007397500E+00    0.0000
    0.280222031970     -0.108703768531E+00    0.0000
    0.283751245344     -0.992432044038E-01    0.0000
    0.287324850756     -0.896269587141E-01    0.0000
    0.290943406591     -0.798564063470E-01    0.0000
    0.294607478256     -0.699330454907E-01    0.0000
    0.298317638268     -0.598584995829E-01    0.0000
    0.302074466348     -0.496345191799E-01    0.0000
    0.305878549508     -0.392629837478E-01    0.0000
    0.309730482144     -0.287459033685E-01    0.0000
    0.313630866128     -0.180854203561E-01    0.0000
    0.317580310902     -0.728381078116E-02    0.0000
    0.321579433577      0.365651410477E-02    0.0000
    0.325628859022      0.147330065461E-01    0.0000
    0.329729219969      0.259429810671E-01    0.0000
    0.333881157107      0.372836133669E-01    0.0000
    0.338085319185      0.487519393288E-01    0.0000
    0.342342363113      0.603448541485E-01    0.0000
    0.346652954061      0.720591115835E-01    0.0000
    0.351017765569      0.838913233287E-01    0.0000
    0.355437479646      0.958379585198E-01    0.0000
    0.359912786883      0.107895343368E+00    0.0000
    0.364444386555      0.120059660930E+00    0.0000
    0.369032986734      0.132326951011E+00    0.0000
    0.373679304398      0.144693110209E+00    0.0000
    0.378384065544      0.157153892102E+00    0.0000
    0.383148005299      0.169704907572E+00    0.0000
    0.387971868040      0.182341625279E+00    0.0000
    0.392856407505      0.195059372276E+00    0.0000
    0.397802386913      0.207853334781E+00    0.0000
    0.402810579083      0.220718559087E+00    0.0000
    0.407881766555      0.233649952635E+00    0.0000
    0.413016741714      0.246642285231E+00    0.0000
    0.418216306908      0.259690190429E+00    0.0000
    0.423481274582      0.272788167064E+00    0.0000
    0.428812467396      0.285930580953E+00    0.0000
    0.434210718360      0.299111666758E+00    0.0000
    0.439676870963      0.312325530017E+00    0.0000
    0.445211779301      0.325566149355E+00    0.0000
    0.450816308216      0.338827378863E+00    0.0000
    0.456491333426      0.352102950670E+00    0.0000
    0.462237741666      0.365386477697E+00    0.0000
    0.468056430823      0.378671456618E+00    0.0000
    0.473948310080      0.391951271010E+00    0.0000
    0.479914300055      0.405219194725E+00    0.0000
    0.485955332945      0.418468395476E+00    0.0000
    0.492072352675      0.431691938645E+00    0.0000
    0.498266315041      0.444882791333E+00    0.0000
    0.504538187862      0.458033826641E+00    0.0000
    0.510888951132      0.471137828207E+00    0.0000
    0.517319597170      0.484187494997E+00    0.0000
    0.523831130778      0.497175446354E+00    0.0000
    0.530424569395      0.510094227317E+00    0.0000
    0.537100943260      0.522936314215E+00    0.0000
    0.543861295571      0.535694120527E+00    0.0000
    0.550706682646      0.548360003034E+00    0.0000
    0.557638174090      0.560926268237E+00    0.0000
    0.564656852963      0.573385179063E+00    0.0000
    0.571763815949      0.585728961847E+00    0.0000
    0.578960173524      0.597949813586E+00    0.0000
    0.586247050134      0.610039909471E+00    0.0000
    0.593625584368      0.621991410674E+00    0.0000
    0.601096929138      0.633796472404E+00    0.0000
    0.608662251856      0.645447252202E+00    0.0000
    0.616322734619      0.656935918482E+00    0.0000
    0.624079574393      0.668254659297E+00    0.0000
    0.631933983201      0.679395691322E+00    0.0000
    0.639887188309      0.690351269030E+00    0.0000
    0.647940432422      0.701113694066E+00    0.0000
    0.656094973876      0.711675324781E+00    0.0000
    0.664352086834      0.722028585918E+00    0.0000
    0.672713061488      0.732165978438E+00    0.0000
    0.681179204256      0.742080089452E+00    0.0000
    0.689751837991      0.751763602252E+00    0.0000
    0.698432302183      0.761209306415E+00    0.0000
    0.707221953174      0.770410107955E+00    0.0000
    0.716122164364      0.779359039508E+00    0.0000
    0.725134326429      0.788049270521E+00    0.0000
    0.734259847538      0.796474117427E+00    0.0000
    0.743500153572      0.804627053778E+00    0.0000
    0.752856688347      0.812501720317E+00    0.0000
    0.762330913842      0.820091934960E+00    0.0000
    0.771924310424      0.827391702668E+00    0.0000
    0.781638377079      0.834395225182E+00    0.0000
    0.791474631650      0.841096910602E+00    0.0000
    0.801434611074      0.847491382783E+00    0.0000
    0.811519871616      0.853573490515E+00    0.0000
    0.821731989118      0.859338316487E+00    0.0000
    0.832072559246      0.864781185989E+00    0.0000
    0.842543197735      0.869897675339E+00    0.0000
    0.853145540642      0.874683620018E+00    0.0000
    0.863881244605      0.879135122481E+00    0.0000
    0.874751987101      0.883248559633E+00    0.0000
    0.885759466704      0.887020589943E+00    0.0000
    0.896905403356      0.890448160181E+00    0.0000
    0.908191538632      0.893528511763E+00    0.0000
    0.919619636014      0.896259186679E+00    0.0000
    0.931191481165      0.898638032989E+00    0.0000
    0.942908882209      0.900663209885E+00    0.0000
    0.954773670015      0.902333192286E+00    0.0000
    0.966787698479      0.903646774964E+00    0.0000
    0.978952844818      0.904603076192E+00    0.0000
    0.991271009860      0.905201540897E+00    0.0000
    1.003744118345      0.905441943309E+00    0.0000
    1.016374119220      0.905324389105E+00    0.0000
    1.029162985949      0.904849317036E+00    0.0000
    1.042112716819      0.904017500032E+00    0.0000
    1.055225335251      0.902830045786E+00    0.0000
    1.068502890118      0.901288396805E+00    0.0000
    1.081947456066      0.899394329939E+00    0.0000
    1.095561133835      0.897149955381E+00    0.0000
    1.109346050590      0.894557715137E+00    0.0000
    1.123304360253      0.891620380973E+00    0.0000
    1.137438243837      0.888341051847E+00    0.0000
    1.151749909791      0.884723150820E+00    0.0000
    1.166241594342      0.880770421463E+00    0.0000
    1.180915561844      0.876486923757E+00    0.0000
    1.195774105136      0.871877029508E+00    0.0000
    1.210819545894      0.866945417271E+00    0.0000
    1.226054235000      0.861697066804E+00    0.0000
    1.241480552905      0.856137253063E+00    0.0000
    1.257100910002      0.850271539746E+00    0.0000
    1.272917747003      0.844105772392E+00    0.0000
    1.288933535322      0.837646071071E+00    0.0000
    1.305150777459      0.830898822657E+00    0.0000
    1.321572007390      0.823870672706E+00    0.0000
    1.338199790966      0.816568516958E+00    0.0000
    1.355036726312      0.808999492480E+00    0.0000
    1.372085444233      0.801170968457E+00    0.0000
    1.389348608626      0.793090536654E+00    0.0000
    1.406828916896      0.784766001572E+00    0.0000
    1.424529100377      0.776205370304E+00    0.0000
    1.442451924758      0.767416842109E+00    0.0000
    1.460600190516      0.758408797737E+00    0.0000
    1.478976733356      0.749189788504E+00    0.0000
    1.497584424650      0.739768525147E+00    0.0000
    1.516426171887      0.730153866465E+00    0.0000
    1.535504919129      0.720354807784E+00    0.0000
    1.554823647468      0.710380469241E+00    0.0000
    1.574385375495      0.700240083922E+00    0.0000
    1.594193159770      0.689942985861E+00    0.0000
    1.614250095300      0.679498597924E+00    0.0000
    1.634559316022      0.668916419598E+00    0.0000
    1.655123995292      0.658206014687E+00    0.0000
    1.675947346384      0.647376998959E+00    0.0000
    1.697032622989      0.636439027737E+00    0.0000
    1.718383119724      0.625401783463E+00    0.0000
    1.740002172647      0.614274963257E+00    0.0000
    1.761893159779      0.603068266466E+00    0.0000
    1.784059501633      0.591791382256E+00    0.0000
    1.806504661743      0.580453977230E+00    0.0000
    1.829232147212      0.569065683111E+00    0.0000
    1.852245509256      0.557636084497E+00    0.0000
    1.875548343759      0.546174706709E+00    0.0000
    1.899144291837      0.534691003750E+00    0.0000
    1.923037040404      0.523194346391E+00    0.0000
    1.947230322751      0.511694010396E+00    0.0000
    1.971727919127      0.500199164921E+00    0.0000
    1.996533657333      0.488718861079E+00    0.0000
    2.021651413314      0.477262020713E+00    0.0000
    2.047085111772      0.465837425380E+00    0.0000
    2.072838726773      0.454453705564E+00    0.0000
    2.098916282373      0.443119330148E+00    0.0000
    2.125321853242      0.431842596148E+00    0.0000
    2.152059565305      0.420631618739E+00    0.0000
    2.179133596383      0.409494321580E+00    0.0000
    2.206548176849      0.398438427466E+00    0.0000
    2.234307590287      0.387471449321E+00    0.0000
    2.262416174162      0.376600681544E+00    0.0000
    2.290878320497      0.365833191737E+00    0.0000
    2.319698476560      0.355175812825E+00    0.0000
    2.348881145560      0.344635135580E+00    0.0000
    2.378430887348      0.334217501582E+00    0.0000
    2.408352319130      0.323928996617E+00    0.0000
    2.438650116193      0.313775444536E+00    0.0000
    2.469329012627      0.303762401590E+00    0.0000
    2.500393802074      0.293895151250E+00    0.0000
    2.531849338469      0.284178699537E+00    0.0000
    2.563700536805      0.274617770860E+00    0.0000
    2.595952373895      0.265216804392E+00    0.0000
    2.628609889155      0.255979950974E+00    0.0000
    2.661678185389      0.246911070582E+00    0.0000
    2.695162429584      0.238013730338E+00    0.0000
    2.729067853722      0.229291203097E+00    0.0000
    2.763399755595      0.220746466604E+00    0.0000
    2.798163499631      0.212382203221E+00    0.0000
    2.833364517738      0.204200800248E+00    0.0000
    2.869008310144      0.196204350806E+00    0.0000
    2.905100446267      0.188394655322E+00    0.0000
    2.941646565574      0.180773223575E+00    0.0000
    2.978652378472      0.173341277329E+00    0.0000
    3.016123667195      0.166099753533E+00    0.0000
    3.054066286707      0.159049308085E+00    0.0000
    3.092486165619      0.152190320145E+00    0.0000
    3.131389307117      0.145522896996E+00    0.0000
    3.170781789895      0.139046879431E+00    0.0000
    3.210669769109      0.132761847658E+00    0.0000
    3.251059477336      0.126667127694E+00    0.0000
    3.291957225551      0.120761798252E+00    0.0000
    3.333369404109      0.115044698071E+00    0.0000
    3.375302483750      0.109514433694E+00    0.0000
    3.417763016600      0.104169387651E+00    0.0000
    3.460757637205      0.990077270313E-01    0.0000
    3.504293063562      0.940274124178E-01    0.0000
    3.548376098169      0.892262071483E-01    0.0000
    3.593013629092      0.846016868813E-01    0.0000
    3.638212631033      0.801512494322E-01    0.0000
    3.683980166431      0.758721248477E-01    0.0000
    3.730323386554      0.717613856874E-01    0.0000
    3.777249532627      0.678159574775E-01    0.0000
    3.824765936953      0.640326293034E-01    0.0000
    3.872880024069      0.604080645069E-01    0.0000
    3.921599311898      0.569388114516E-01    0.0000
    3.970931412928      0.536213143243E-01    0.0000
    4.020884035400      0.504519239355E-01    0.0000
    4.071464984513      0.474269084849E-01    0.0000
    4.122682163643      0.445424642588E-01    0.0000
    4.174543575580      0.417947262244E-01    0.0000
    4.227057323773      0.391797784897E-01    0.0000
    4.280231613603      0.366936645957E-01    0.0000
    4.334074753661      0.343323976111E-01    0.0000
    4.388595157047      0.320919700002E-01    0.0000
    4.443801342684      0.299683632339E-01    0.0000
    4.499701936653      0.279575571199E-01    0.0000
    4.556305673534      0.260555388245E-01    0.0000
    4.613621397776      0.242583115637E-01    0.0000
    4.671658065079      0.225619029425E-01    0.0000
    4.730424743788      0.209623729217E-01    0.0000
    4.789930616318      0.194558213953E-01    0.0000
    4.850184980582      0.180383953632E-01    0.0000
    4.911197251446      0.167062956846E-01    0.0000
    4.972976962204      0.154557834021E-01    0.0000
    5.035533766059      0.142831856273E-01    0.0000
    5.098877437640      0.131849009794E-01    0.0000
    5.163017874524      0.121574045747E-01    0.0000
    5.227965098786      0.111972525624E-01    0.0000
    5.293729258561      0.103010862070E-01    0.0000
    5.360320629632      0.946563551918E-02    0.0000
    5.427749617038      0.868772243876E-02    0.0000
    5.496026756694      0.796426357541E-02    0.0000
    5.565162717042      0.729227251469E-02    0.0000
    5.635168300718      0.666886169883E-02    0.0000
    5.706054446235      0.609124389344E-02    0.0000
    5.777832229699      0.555673325268E-02    0.0000
    5.850512866533      0.506274599696E-02    0.0000
    5.924107713236      0.460680071884E-02    0.0000
    5.998628269152      0.418651833353E-02    0.0000
    6.074086178269      0.379962169182E-02    0.0000
    6.150493231040      0.344393487414E-02    0.0000
    6.227861366221      0.311738218489E-02    0.0000
    6.306202672741      0.281798686747E-02    0.0000
    6.385529391589      0.254386956011E-02    0.0000
    6.465853917726      0.229324651371E-02    0.0000
    6.547188802022      0.206442759259E-02    0.0000
    6.629546753219      0.185581407925E-02    0.0000
    6.712940639915      0.166589630438E-02    0.0000
    6.797383492572      0.149325112277E-02    0.0000
    6.882888505560      0.133653925586E-02    0.0000
    6.969469039211      0.119450252095E-02    0.0000
    7.057138621908      0.106596096665E-02    0.0000
    7.145910952202      0.949809933579E-03    0.0000
    7.235799900952      0.845017058515E-03    0.0000
    7.326819513487      0.750619239366E-03    0.0000
    7.418984011808      0.665719577610E-03    0.0000
    7.512307796805      0.589484313764E-03    0.0000
    7.606805450508      0.521139770562E-03    0.0000
    7.702491738370      0.459969317454E-03    0.0000
    7.799381611567      0.405310369036E-03    0.0000
    7.897490209338      0.356551428910E-03    0.0000
    7.996832861352      0.313129189450E-03    0.0000
    8.097425090101      0.274525696825E-03    0.0000
    8.199282613324      0.240265589616E-03    0.0000
    8.302421346467      0.209913418258E-03    0.0000
    8.406857405167      0.183071051567E-03    0.0000
    8.512607107771      0.159375175577E-03    0.0000
    8.619686977884      0.138494888955E-03    0.0000
    8.728113746954      0.120129398372E-03    0.0000
    8.837904356884      0.104005816289E-03    0.0000
    8.949075962682      0.898770628421E-04    0.0000
    9.061645935135      0.775198726961E-04    0.0000
    9.175631863532      0.667329070534E-04    0.0000
    9.291051558406      0.573349703321E-04    0.0000
    9.407923054318      0.491633304313E-04    0.0000
    9.526264612678      0.420721409605E-04    0.0000
    9.646094724596      0.359309633295E-04    0.0000
    9.767432113769      0.306233861702E-04    0.0000
    9.890295739412      0.260457391936E-04    0.0000
   10.014704799216      0.221058982764E-04    0.0000
   10.140678732350      0.187221783073E-04    0.0000
   10.268237222497      0.158223101198E-04    0.0000
   10.397400200932      0.133424976740E-04    0.0000
   10.528187849631      0.112265515356E-04    0.0000
   10.660620604432      0.942509462593E-05    0.0000
   10.794719158221      0.789483618166E-05    0.0000
   10.930504464171      0.659790986107E-05    0.0000
   11.067997739012      0.550127196689E-05    0.0000
   11.207220466347      0.457615581348E-05    0.0000
   11.348194400012      0.379757835082E-05    0.0000
   11.490941567470      0.314389526371E-05    0.0000
   11.635484273256      0.259640088813E-05    0.0000
   11.781845102462      0.213896942580E-05    0.0000
   11.930046924266      0.175773408962E-05    0.0000
   12.080112895504      0.144080097297E-05    0.0000
   12.232066464289      0.117799460368E-05    0.0000
   12.385931373675      0.960632315756E-06    0.0000
   12.541731665368      0.781324746115E-06    0.0000
   12.699491683480      0.633799938706E-06    0.0000
   12.859236078335      0.512748711799E-06    0.0000
   13.020989810319      0.413689114950E-06    0.0000
   13.184778153783      0.332847968678E-06    0.0000
   13.350626700988      0.267057641101E-06    0.0000
   13.518561366107      0.213666370870E-06    0.0000
   13.688608389273      0.170460593854E-06    0.0000
   13.860794340680      0.135597871722E-06    0.0000
   14.035146124732      0.107549153307E-06    0.0000
   14.211690984251      0.850492243103E-07    0.0000
   14.390456504730      0.670543172187E-07    0.0000
   14.571470618646      0.527059613969E-07    0.0000
   14.754761609822      0.413002531311E-07    0.0000
   14.940358117848      0.322618172109E-07    0.0000
   15.128289142557      0.251218156105E-07    0.0000
   15.318584048553      0.194994353099E-07    0.0000
   15.511272569802      0.150863565978E-07    0.0000
   15.706384814278      0.116337657308E-07    0.0000
   15.903951268667      0.894153196078E-08    0.0000
   16.104002803128      0.684921914270E-08    0.0000
   16.306570676120      0.522864679409E-08    0.0000
   16.511686539287      0.397775505509E-08    0.0000
   16.719382442399      0.301556289950E-08    0.0000
   16.929690838364      0.227803959852E-08    0.0000
   17.142644588296      0.171473623486E-08    0.0000
   17.358276966651      0.128604738890E-08    0.0000
   17.576621666429      0.960993330371E-09    0.0000
   17.797712804431      0.715430487644E-09    0.0000
   18.021584926599      0.530612945496E-09    0.0000
   18.248273013407      0.392040532278E-09    0.0000
   18.477812485330      0.288539963429E-09    0.0000
   18.710239208377      0.211534752771E-09    0.0000
   18.945589499697      0.154467403754E-09    0.0000
   19.183900133251      0.112343946055E-09    0.0000
   19.425208345561      0.813763633543E-10    0.0000
   19.669551841526      0.587030206526E-10    0.0000
   19.916968800314      0.421709806259E-10    0.0000
   20.167497881329      0.301672177371E-10    0.0000
   20.421178230248      0.214883001962E-10    0.0000
   20.678049485143      0.152402033764E-10    0.0000
   20.938151782671      0.107616214590E-10    0.0000
   21.201525764343      0.756552315155E-11    0.0000
   21.468212582881      0.529480870167E-11    0.0000
   21.738253908642      0.368881678687E-11    0.0000
   22.011691936133      0.255814133562E-11    0.0000
   22.288569390603      0.176578345996E-11    0.0000
   22.568929534716      0.121311037296E-11    0.0000
   22.852816175316      0.829444499413E-12    0.0000
   23.140273670267      0.564380947184E-12    0.0000
   23.431346935389      0.382145612540E-12    0.0000
   23.726081451471      0.257472067820E-12    0.0000
   24.024523271381      0.172603231683E-12    0.0000
   24.326719027261      0.115121857649E-12    0.0000
   24.632715937811      0.763886573367E-13    0.0000
   24.942561815673      0.504236164580E-13    0.0000
   25.256305074894      0.331088867905E-13    0.0000
   25.573994738497      0.216237856103E-13    0.0000
   25.895680446139      0.140464363058E-13    0.0000
   26.221412461866      0.907440605761E-14    0.0000
   26.551241681968      0.582985648023E-14    0.0000
   26.885219642932      0.372438619947E-14    0.0000
   27.223398529493      0.236579958020E-14    0.0000
   27.565831182791      0.149415758224E-14    0.0000
   27.912571108625      0.938163398400E-15    0.0000
   28.263672485813      0.585588062696E-15    0.0000
   28.619190174659      0.363333300015E-15    0.0000
   28.979179725527      0.224070483094E-15    0.0000
   29.343697387515      0.137340093697E-15    0.0000
   29.712800117251      0.836584147351E-16    0.0000
   30.086545587785      0.506392724998E-16    0.0000
   30.464992197610      0.304576449974E-16    0.0000
   30.848199079777      0.182012527045E-16    0.0000
   31.236226111141      0.108060494671E-16    0.0000
   31.629133921716      0.637319933552E-17    0.0000
   32.026983904146      0.373367612051E-17    0.0000
   32.429838223300      0.217253919005E-17    0.0000
   32.837759825986      0.125548987304E-17    0.0000
   33.250812450784      0.720502898755E-18    0.0000
   33.669060638006      0.410579253833E-18    0.0000
   34.092569739783      0.232304894648E-18    0.0000
   34.521405930274      0.130491029841E-18    0.0000
   34.955636216006      0.727652867845E-19    0.0000
   35.395328446345      0.402762442238E-19    0.0000
   35.840551324095      0.221265729264E-19    0.0000
   36.291374416239      0.120636471299E-19    0.0000
   36.747868164800      0.652680554497E-20    0.0000
   37.210103897856      0.350378994003E-20    0.0000
   37.678153840680      0.186615629183E-20    0.0000
   38.152091127029      0.986023378258E-21    0.0000
   38.631989810568      0.516787248969E-21    0.0000
   39.117924876442      0.268644108954E-21    0.0000
   39.609972252994      0.138496507073E-21    0.0000
   40.108208823628      0.708028483595E-22    0.0000
   40.612712438821      0.358894592571E-22    0.0000
   41.123561928290      0.180360180141E-22    0.0000
   41.640837113306      0.898513610274E-23    0.0000
   42.164618819171      0.443681184432E-23    0.0000
   42.694988887841      0.217135688712E-23    0.0000
   43.232030190718      0.105306733810E-23    0.0000
   43.775826641598      0.506053087890E-24    0.0000
   44.326463209784      0.240935429720E-24    0.0000
   44.884025933360      0.113636782695E-24    0.0000
   45.448601932634      0.530883526305E-25    0.0000
   46.020279423757      0.245634504223E-25    0.0000
   46.599147732499      0.112547640952E-25    0.0000
   47.185297308210      0.510607004388E-26    0.0000
   47.778819737955      0.229343414618E-26    0.0000
   48.379807760822      0.101971788990E-26    0.0000
   48.988355282410      0.448758321855E-27    0.0000
   49.604557389508      0.195446313902E-27    0.0000
   50.228510364950      0.842302413995E-28    0.0000
   50.860311702657      0.359150615686E-28    0.0000
   51.500060122874      0.151493821636E-28    0.0000
   52.147855587593      0.632068283495E-29    0.0000
   52.803799316173      0.260809967173E-29    0.0000
   53.467993801157      0.106418006042E-29    0.0000
   54.140542824283      0.429314672272E-30    0.0000
   54.821551472705      0.171215963585E-30    0.0000
   55.511126155410      0.674929181961E-31    0.0000
   56.209374619846      0.262938629814E-31    0.0000
   56.916405968754      0.101220602702E-31    0.0000
   57.632330677223      0.384979106295E-32    0.0000
   58.357260609943      0.144641790245E-32    0.0000
   59.091309038693      0.536750874280E-33    0.0000
   59.834590660033      0.196701340308E-33    0.0000
   60.587221613227      0.711754129805E-34    0.0000
   61.349319498394      0.254256820257E-34    0.0000
   62.121003394879      0.896532999943E-35    0.0000
   62.902393879860      0.311990529074E-35    0.0000
   63.693613047192      0.107134096759E-35    0.0000
   64.494784526477      0.362956182676E-36    0.0000
   65.306033502390      0.121296757651E-36    0.0000
   66.127486734235      0.399797736623E-37    0.0000
   66.959272575749      0.129943505152E-37    0.0000
   67.801520995162      0.416407193270E-38    0.0000
   68.654363595505      0.131539716035E-38    0.0000
   69.517933635167      0.409539304678E-39    0.0000
   70.392366048726      0.125648882204E-39    0.0000
   71.277797468024      0.379812919808E-40    0.0000
   72.174366243522      0.113097237349E-40    0.0000
   73.082212465915      0.331686586718E-41    0.0000
   74.001477988024      0.957898238273E-42    0.0000
   74.932306446955      0.272362756856E-42    0.0000
   75.874843286549      0.762313694043E-43    0.0000
   76.829235780106      0.209989512599E-43    0.0000
   77.795633053393      0.569192387015E-44    0.0000
   78.774186107952      0.151787972140E-44    0.0000
   79.765047844687      0.398154067574E-45    0.0000
   80.768373087761      0.102711420927E-45    0.0000
   81.784318608785      0.260530108859E-46    0.0000
   82.813043151313      0.649659974484E-47    0.0000
   83.854707455647      0.159228321170E-47    0.0000
   84.909474283956      0.383510427852E-48    0.0000
   85.977508445701      0.907555075580E-49    0.0000
   87.058976823393      0.210971471687E-49    0.0000
   88.154048398667      0.481665002572E-50    0.0000
   89.262894278683      0.107982279387E-50    0.0000
   90.385687722868      0.237662750114E-51    0.0000
   91.522604169981      0.513435568336E-52    0.0000
   92.673821265529      0.108853350287E-52    0.0000
   93.839518889526      0.226434868598E-53    0.0000
   95.019879184598      0.462067083969E-54    0.0000
   96.215086584442      0.924786261634E-55    0.0000
   97.425327842646      0.181495906200E-55    0.0000
   98.650792061868      0.349217134142E-56    0.0000
   99.891670723387      0.658631293466E-57    0.0000
  101.148157717018      0.121736476560E-57    0.0000
  102.420449371409      0.220468742097E-58    0.0000
  103.708744484721      0.391139858427E-59    0.0000
  105.013244355685      0.679669769524E-60    0.0000
  106.334152815061      0.115649849959E-60    0.0000
  107.671676257484      0.192671167531E-61    0.0000
  109.026023673711      0.314175540991E-62    0.0000
  110.397406683282      0.501467425551E-63    0.0000
  111.786039567583      0.783019905745E-64    0.0000
  113.192139303326      0.119425524701E-64    0.0000
  114.615925596457      0.173415497019E-65    0.0000
  116.057620916481      0.245775084082E-66    0.0000
  117.517450531224      0.339871239636E-67    0.0000
  118.995642542033      0.458440878561E-68    0.0000
