    0.000004454123      0.215054688270E-09    0.0000
    0.000008964273      0.871059248215E-09    0.0000
    0.000013531153      0.198463308673E-08    0.0000
    0.000018155477      0.357288415764E-08    0.0000
    0.000022837969      0.565342215679E-08    0.0000
    0.000027579358      0.824437203986E-08    0.0000
    0.000032380387      0.113643879212E-07    0.0000
    0.000037241806      0.150326673144E-07    0.0000
    0.000042164374      0.192689657483E-07    0.0000
    0.000047148860      0.240936117613E-07    0.0000
    0.000052196043      0.295275222856E-07    0.0000
    0.000057306712      0.355922184300E-07    0.0000
    0.000062481665      0.423098416722E-07    0.0000
    0.000067721711      0.497031704702E-07    0.0000
    0.000073027669      0.577956373047E-07    0.0000
    0.000078400367      0.666113461621E-07    0.0000
    0.000083840646      0.761750904701E-07    0.0000
    0.000089349355      0.865123714976E-07    0.0000
    0.000094927355      0.976494172301E-07    0.0000
    0.000100575517      0.109613201733E-06    0.0000
    0.000106294725      0.122431465014E-06    0.0000
    0.000112085871      0.136132733403E-06    0.0000
    0.000117949861      0.150746340451E-06    0.0000
    0.000123887612      0.166302448373E-06    0.0000
    0.000129900049      0.182832070045E-06    0.0000
    0.000135988114      0.200367091562E-06    0.0000
    0.000142152758      0.218940295388E-06    0.0000
    0.000148394943      0.238585384088E-06    0.0000
    0.000154715645      0.259337004686E-06    0.0000
    0.000161115851      0.281230773640E-06    0.0000
    0.000167596563      0.304303302463E-06    0.0000
    0.000174158791      0.328592224001E-06    0.0000
    0.000180803563      0.354136219394E-06    0.0000
    0.000187531915      0.380975045719E-06    0.0000
    0.000194344900      0.409149564352E-06    0.0000
    0.000201243581      0.438701770054E-06    0.0000
    0.000208229037      0.469674820806E-06    0.0000
    0.000215302359      0.502113068409E-06    0.0000
    0.000222464653      0.536062089866E-06    0.0000
    0.000229717037      0.571568719577E-06    0.0000
    0.000237060645      0.608681082347E-06    0.0000
    0.000244496625      0.647448627257E-06    0.0000
    0.000252026137      0.687922162381E-06    0.0000
    0.000259650359      0.730153890416E-06    0.0000
    0.000267370482      0.774197445203E-06    0.0000
    0.000275187712      0.820107929195E-06    0.0000
    0.000283103271      0.867941951882E-06    0.0000
    0.000291118395      0.917757669196E-06    0.0000
    0.000299234337      0.969614823925E-06    0.0000
    0.000307452365      0.102357478716E-05    0.0000
    0.000315773763      0.107970060079E-05    0.0000
    0.000324199832      0.113805702111E-05    0.0000
    0.000332731887      0.119871056353E-05    0.0000
    0.000341371263      0.126172954837E-05    0.0000
    0.000350119308      0.132718414796E-05    0.0000
    0.000358977390      0.139514643476E-05    0.0000
    0.000367946893      0.146569043089E-05    0.0000
    0.000377029219      0.153889215874E-05    0.0000
    0.000386225786      0.161482969307E-05    0.0000
    0.000395538032      0.169358321425E-05    0.0000
    0.000404967411      0.177523506296E-05    0.0000
    0.000414515398      0.185986979627E-05    0.0000
    0.000424183483      0.194757424514E-05    0.0000
    0.000433973178      0.203843757335E-05    0.0000
    0.000443886012      0.213255133798E-05    0.0000
    0.000453923534      0.223000955141E-05    0.0000
    0.000464087313      0.233090874488E-05    0.0000
    0.000474378936      0.243534803367E-05    0.0000
    0.000484800012      0.254342918395E-05    0.0000
    0.000495352169      0.265525668134E-05    0.0000
    0.000506037055      0.277093780113E-05    0.0000
    0.000516856341      0.289058268041E-05    0.0000
    0.000527811717      0.301430439190E-05    0.0000
    0.000538904895      0.314221901977E-05    0.0000
    0.000550137607      0.327444573727E-05    0.0000
    0.000561511610      0.341110688641E-05    0.0000
    0.000573028680      0.355232805964E-05    0.0000
    0.000584690617      0.369823818356E-05    0.0000
    0.000596499243      0.384896960480E-05    0.0000
    0.000608456403      0.400465817805E-05    0.0000
    0.000620563966      0.416544335630E-05    0.0000
    0.000632823823      0.433146828341E-05    0.0000
    0.000645237890      0.450287988898E-05    0.0000
    0.000657808107      0.467982898562E-05    0.0000
    0.000670536438      0.486247036870E-05    0.0000
    0.000683424872      0.505096291861E-05    0.0000
    0.000696475422      0.524546970559E-05    0.0000
    0.000709690128      0.544615809724E-05    0.0000
    0.000723071054      0.565319986868E-05    0.0000
    0.000736620292      0.586677131558E-05    0.0000
    0.000750339958      0.608705336994E-05    0.0000
    0.000764232196      0.631423171889E-05    0.0000
    0.000778299177      0.654849692638E-05    0.0000
    0.000792543099      0.679004455805E-05    0.0000
    0.000806966188      0.703907530913E-05    0.0000
    0.000821570696      0.729579513566E-05    0.0000
    0.000836358907      0.756041538893E-05    0.0000
    0.000851333130      0.783315295338E-05    0.0000
    0.000866495706      0.811423038790E-05    0.0000
    0.000881849004      0.840387607075E-05    0.0000
    0.000897395422      0.870232434806E-05    0.0000
    0.000913137390      0.900981568608E-05    0.0000
    0.000929077368      0.932659682729E-05    0.0000
    0.000945217846      0.965292095043E-05    0.0000
    0.000961561347      0.998904783444E-05    0.0000
    0.000978110423      0.103352440267E-04    0.0000
    0.000994867661      0.106917830153E-04    0.0000
    0.001011835679      0.110589454058E-04    0.0000
    0.001029017129      0.114370191022E-04    0.0000
    0.001046414694      0.118262994929E-04    0.0000
    0.001064031094      0.122270896405E-04    0.0000
    0.001081869081      0.126397004774E-04    0.0000
    0.001099931442      0.130644510054E-04    0.0000
    0.001118221000      0.135016685009E-04    0.0000
    0.001136740612      0.139516887245E-04    0.0000
    0.001155493172      0.144148561372E-04    0.0000
    0.001174481611      0.148915241201E-04    0.0000
    0.001193708894      0.153820552016E-04    0.0000
    0.001213178027      0.158868212885E-04    0.0000
    0.001232892052      0.164062039042E-04    0.0000
    0.001252854048      0.169405944321E-04    0.0000
    0.001273067135      0.174903943654E-04    0.0000
    0.001293534472      0.180560155629E-04    0.0000
    0.001314259256      0.186378805114E-04    0.0000
    0.001335244726      0.192364225945E-04    0.0000
    0.001356494161      0.198520863683E-04    0.0000
    0.001378010880      0.204853278434E-04    0.0000
    0.001399798247      0.211366147750E-04    0.0000
    0.001421859664      0.218064269590E-04    0.0000
    0.001444198581      0.224952565361E-04    0.0000
    0.001466818486      0.232036083038E-04    0.0000
    0.001489722915      0.239320000352E-04    0.0000
    0.001512915446      0.246809628066E-04    0.0000
    0.001536399703      0.254510413329E-04    0.0000
    0.001560179355      0.262427943112E-04    0.0000
    0.001584258119      0.270567947731E-04    0.0000
    0.001608639757      0.278936304458E-04    0.0000
    0.001633328077      0.287539041220E-04    0.0000
    0.001658326939      0.296382340391E-04    0.0000
    0.001683640247      0.305472542675E-04    0.0000
    0.001709271958      0.314816151090E-04    0.0000
    0.001735226076      0.324419835048E-04    0.0000
    0.001761506657      0.334290434535E-04    0.0000
    0.001788117806      0.344434964396E-04    0.0000
    0.001815063683      0.354860618725E-04    0.0000
    0.001842348497      0.365574775365E-04    0.0000
    0.001869976512      0.376585000517E-04    0.0000
    0.001897952044      0.387899053464E-04    0.0000
    0.001926279465      0.399524891415E-04    0.0000
    0.001954963202      0.411470674459E-04    0.0000
    0.001984007735      0.423744770650E-04    0.0000
    0.002013417604      0.436355761219E-04    0.0000
    0.002043197403      0.449312445903E-04    0.0000
    0.002073351786      0.462623848414E-04    0.0000
    0.002103885464      0.476299222045E-04    0.0000
    0.002134803209      0.490348055405E-04    0.0000
    0.002166109851      0.504780078303E-04    0.0000
    0.002197810282      0.519605267769E-04    0.0000
    0.002229909456      0.534833854233E-04    0.0000
    0.002262412387      0.550476327846E-04    0.0000
    0.002295324155      0.566543444960E-04    0.0000
    0.002328649903      0.583046234770E-04    0.0000
    0.002362394836      0.599996006112E-04    0.0000
    0.002396564228      0.617404354435E-04    0.0000
    0.002431163419      0.635283168936E-04    0.0000
    0.002466197814      0.653644639878E-04    0.0000
    0.002501672887      0.672501266080E-04    0.0000
    0.002537594181      0.691865862592E-04    0.0000
    0.002573967310      0.711751568562E-04    0.0000
    0.002610797957      0.732171855286E-04    0.0000
    0.002648091876      0.753140534466E-04    0.0000
    0.002685854895      0.774671766658E-04    0.0000
    0.002724092914      0.796780069934E-04    0.0000
    0.002762811908      0.819480328749E-04    0.0000
    0.002802017927      0.842787803033E-04    0.0000
    0.002841717097      0.866718137493E-04    0.0000
    0.002881915621      0.891287371147E-04    0.0000
    0.002922619781      0.916511947092E-04    0.0000
    0.002963835935      0.942408722502E-04    0.0000
    0.003005570526      0.968994978878E-04    0.0000
    0.003047830072      0.996288432537E-04    0.0000
    0.003090621179      0.102430724536E-03    0.0000
    0.003133950531      0.105307003582E-03    0.0000
    0.003177824899      0.108259589020E-03    0.0000
    0.003222251139      0.111290437421E-03    0.0000
    0.003267236192      0.114401554479E-03    0.0000
    0.003312787088      0.117594996218E-03    0.0000
    0.003358910943      0.120872870239E-03    0.0000
    0.003405614965      0.124237336985E-03    0.0000
    0.003452906451      0.127690611047E-03    0.0000
    0.003500792791      0.131234962490E-03    0.0000
    0.003549281467      0.134872718225E-03    0.0000
    0.003598380056      0.138606263399E-03    0.0000
    0.003648096228      0.142438042830E-03    0.0000
    0.003698437753      0.146370562472E-03    0.0000
    0.003749412497      0.150406390913E-03    0.0000
    0.003801028424      0.154548160913E-03    0.0000
    0.003853293599      0.158798570978E-03    0.0000
    0.003906216189      0.163160386967E-03    0.0000
    0.003959804464      0.167636443747E-03    0.0000
    0.004014066796      0.172229646874E-03    0.0000
    0.004069011664      0.176942974331E-03    0.0000
    0.004124647653      0.181779478289E-03    0.0000
    0.004180983457      0.186742286927E-03    0.0000
    0.004238027879      0.191834606283E-03    0.0000
    0.004295789830      0.197059722156E-03    0.0000
    0.004354278338      0.202421002048E-03    0.0000
    0.004413502541      0.207921897160E-03    0.0000
    0.004473471692      0.213565944425E-03    0.0000
    0.004534195162      0.219356768598E-03    0.0000
    0.004595682440      0.225298084389E-03    0.0000
    0.004657943132      0.231393698654E-03    0.0000
    0.004720986967      0.237647512630E-03    0.0000
    0.004784823797      0.244063524226E-03    0.0000
    0.004849463594      0.250645830369E-03    0.0000
    0.004914916461      0.257398629404E-03    0.0000
    0.004981192623      0.264326223552E-03    0.0000
    0.005048302436      0.271433021424E-03    0.0000
    0.005116256387      0.278723540592E-03    0.0000
    0.005185065094      0.286202410229E-03    0.0000
    0.005254739307      0.293874373799E-03    0.0000
    0.005325289914      0.301744291820E-03    0.0000
    0.005396727939      0.309817144683E-03    0.0000
    0.005469064543      0.318098035548E-03    0.0000
    0.005542311030      0.326592193294E-03    0.0000
    0.005616478844      0.335304975549E-03    0.0000
    0.005691579574      0.344241871786E-03    0.0000
    0.005767624956      0.353408506488E-03    0.0000
    0.005844626870      0.362810642393E-03    0.0000
    0.005922597350      0.372454183810E-03    0.0000
    0.006001548577      0.382345180011E-03    0.0000
    0.006081492888      0.392489828706E-03    0.0000
    0.006162442775      0.402894479593E-03    0.0000
    0.006244410886      0.413565637993E-03    0.0000
    0.006327410030      0.424509968570E-03    0.0000
    0.006411453173      0.435734299131E-03    0.0000
    0.006496553450      0.447245624519E-03    0.0000
    0.006582724156      0.459051110594E-03    0.0000
    0.006669978756      0.471158098304E-03    0.0000
    0.006758330884      0.483574107848E-03    0.0000
    0.006847794345      0.496306842937E-03    0.0000
    0.006938383118      0.509364195152E-03    0.0000
    0.007030111357      0.522754248397E-03    0.0000
    0.007122993396      0.536485283459E-03    0.0000
    0.007217043747      0.550565782670E-03    0.0000
    0.007312277105      0.565004434668E-03    0.0000
    0.007408708352      0.579810139277E-03    0.0000
    0.007506352554      0.594992012490E-03    0.0000
    0.007605224970      0.610559391564E-03    0.0000
    0.007705341047      0.626521840235E-03    0.0000
    0.007806716429      0.642889154043E-03    0.0000
    0.007909366957      0.659671365782E-03    0.0000
    0.008013308669      0.676878751074E-03    0.0000
    0.008118557808      0.694521834057E-03    0.0000
    0.008225130817      0.712611393213E-03    0.0000
    0.008333044350      0.731158467317E-03    0.0000
    0.008442315268      0.750174361521E-03    0.0000
    0.008552960645      0.769670653577E-03    0.0000
    0.008664997769      0.789659200186E-03    0.0000
    0.008778444147      0.810152143504E-03    0.0000
    0.008893317505      0.831161917776E-03    0.0000
    0.009009635792      0.852701256126E-03    0.0000
    0.009127417182      0.874783197495E-03    0.0000
    0.009246680080      0.897421093722E-03    0.0000
    0.009367443121      0.920628616795E-03    0.0000
    0.009489725174      0.944419766246E-03    0.0000
    0.009613545346      0.968808876719E-03    0.0000
    0.009738922983      0.993810625689E-03    0.0000
    0.009865877678      0.101944004136E-02    0.0000
    0.009994429265      0.104571251074E-02    0.0000
    0.010124597833      0.107264378785E-02    0.0000
    0.010256403720      0.110025000219E-02    0.0000
    0.010389867520      0.112854766726E-02    0.0000
    0.010525010089      0.115755368943E-02    0.0000
    0.010661852542      0.118728537685E-02    0.0000
    0.010800416261      0.121776044861E-02    0.0000
    0.010940722897      0.124899704412E-02    0.0000
    0.011082794373      0.128101373264E-02    0.0000
    0.011226652888      0.131382952306E-02    0.0000
    0.011372320921      0.134746387384E-02    0.0000
    0.011519821232      0.138193670315E-02    0.0000
    0.011669176869      0.141726839934E-02    0.0000
    0.011820411168      0.145347983142E-02    0.0000
    0.011973547760      0.149059235999E-02    0.0000
    0.012128610574      0.152862784820E-02    0.0000
    0.012285623838      0.156760867309E-02    0.0000
    0.012444612085      0.160755773703E-02    0.0000
    0.012605600159      0.164849847952E-02    0.0000
    0.012768613213      0.169045488912E-02    0.0000
    0.012933676719      0.173345151573E-02    0.0000
    0.013100816468      0.177751348302E-02    0.0000
    0.013270058577      0.182266650117E-02    0.0000
    0.013441429489      0.186893687989E-02    0.0000
    0.013614955982      0.191635154162E-02    0.0000
    0.013790665170      0.196493803506E-02    0.0000
    0.013968584507      0.201472454897E-02    0.0000
    0.014148741793      0.206573992620E-02    0.0000
    0.014331165180      0.211801367804E-02    0.0000
    0.014515883170      0.217157599887E-02    0.0000
    0.014702924626      0.222645778099E-02    0.0000
    0.014892318775      0.228269062989E-02    0.0000
    0.015084095208      0.234030687973E-02    0.0000
    0.015278283892      0.239933960909E-02    0.0000
    0.015474915169      0.245982265715E-02    0.0000
    0.015674019763      0.252179064002E-02    0.0000
    0.015875628785      0.258527896753E-02    0.0000
    0.016079773736      0.265032386023E-02    0.0000
    0.016286486514      0.271696236678E-02    0.0000
    0.016495799419      0.278523238163E-02    0.0000
    0.016707745156      0.285517266308E-02    0.0000
    0.016922356842      0.292682285158E-02    0.0000
    0.017139668011      0.300022348850E-02    0.0000
    0.017359712618      0.307541603515E-02    0.0000
    0.017582525045      0.315244289216E-02    0.0000
    0.017808140108      0.323134741928E-02    0.0000
    0.018036593059      0.331217395545E-02    0.0000
    0.018267919594      0.339496783932E-02    0.0000
    0.018502155859      0.347977543004E-02    0.0000
    0.018739338453      0.356664412850E-02    0.0000
    0.018979504437      0.365562239895E-02    0.0000
    0.019222691337      0.374675979090E-02    0.0000
    0.019468937152      0.384010696155E-02    0.0000
    0.019718280358      0.393571569845E-02    0.0000
    0.019970759916      0.403363894272E-02    0.0000
    0.020226415275      0.413393081251E-02    0.0000
    0.020485286383      0.423664662695E-02    0.0000
    0.020747413688      0.434184293048E-02    0.0000
    0.021012838149      0.444957751759E-02    0.0000
    0.021281601239      0.455990945796E-02    0.0000
    0.021553744953      0.467289912202E-02    0.0000
    0.021829311812      0.478860820692E-02    0.0000
    0.022108344877      0.490709976293E-02    0.0000
    0.022390887745      0.502843822026E-02    0.0000
    0.022676984565      0.515268941628E-02    0.0000
    0.022966680040      0.527992062320E-02    0.0000
    0.023260019435      0.541020057617E-02    0.0000
    0.023557048586      0.554359950181E-02    0.0000
    0.023857813903      0.568018914716E-02    0.0000
    0.024162362383      0.582004280908E-02    0.0000
    0.024470741611      0.596323536409E-02    0.0000
    0.024782999771      0.610984329862E-02    0.0000
    0.025099185657      0.625994473977E-02    0.0000
    0.025419348671      0.641361948638E-02    0.0000
    0.025743538839      0.657094904070E-02    0.0000
    0.026071806819      0.673201664039E-02    0.0000
    0.026404203901      0.689690729094E-02    0.0000
    0.026740782023      0.706570779867E-02    0.0000
    0.027081593778      0.723850680402E-02    0.0000
    0.027426692416      0.741539481535E-02    0.0000
    0.027776131861      0.759646424313E-02    0.0000
    0.028129966713      0.778180943468E-02    0.0000
    0.028488252260      0.797152670916E-02    0.0000
    0.028851044484      0.816571439314E-02    0.0000
    0.029218400072      0.836447285656E-02    0.0000
    0.029590376425      0.856790454902E-02    0.0000
    0.029967031664      0.877611403664E-02    0.0000
    0.030348424643      0.898920803922E-02    0.0000
    0.030734614956      0.920729546783E-02    0.0000
    0.031125662944      0.943048746286E-02    0.0000
    0.031521629710      0.965889743237E-02    0.0000
    0.031922577125      0.989264109091E-02    0.0000
    0.032328567838      0.101318364987E-01    0.0000
    0.032739665286      0.103766041011E-01    0.0000
    0.033155933702      0.106270667687E-01    0.0000
    0.033577438131      0.108833498373E-01    0.0000
    0.034004244433      0.111455811489E-01    0.0000
    0.034436419297      0.114138910923E-01    0.0000
    0.034874030252      0.116884126443E-01    0.0000
    0.035317145675      0.119692814119E-01    0.0000
    0.035765834804      0.122566356735E-01    0.0000
    0.036220167747      0.125506164212E-01    0.0000
    0.036680215496      0.128513674034E-01    0.0000
    0.037146049932      0.131590351676E-01    0.0000
    0.037617743845      0.134737691027E-01    0.0000
    0.038095370936      0.137957214829E-01    0.0000
    0.038579005837      0.141250475105E-01    0.0000
    0.039068724116      0.144619053593E-01    0.0000
    0.039564602292      0.148064562189E-01    0.0000
    0.040066717848      0.151588643379E-01    0.0000
    0.040575149241      0.155192970679E-01    0.0000
    0.041089975912      0.158879249077E-01    0.0000
    0.041611278307      0.162649215471E-01    0.0000
    0.042139137878      0.166504639114E-01    0.0000
    0.042673637105      0.170447322049E-01    0.0000
    0.043214859505      0.174479099554E-01    0.0000
    0.043762889644      0.178601840580E-01    0.0000
    0.044317813155      0.182817448193E-01    0.0000
    0.044879716743      0.187127860010E-01    0.0000
    0.045448688209      0.191535048635E-01    0.0000
    0.046024816455      0.196041022095E-01    0.0000
    0.046608191501      0.200647824272E-01    0.0000
    0.047198904503      0.205357535334E-01    0.0000
    0.047797047760      0.210172272160E-01    0.0000
    0.048402714732      0.215094188762E-01    0.0000
    0.049016000057      0.220125476709E-01    0.0000
    0.049636999562      0.225268365536E-01    0.0000
    0.050265810279      0.230525123157E-01    0.0000
    0.050902530461      0.235898056269E-01    0.0000
    0.051547259597      0.241389510751E-01    0.0000
    0.052200098428      0.247001872056E-01    0.0000
    0.052861148960      0.252737565592E-01    0.0000
    0.053530514484      0.258599057108E-01    0.0000
    0.054208299590      0.264588853054E-01    0.0000
    0.054894610183      0.270709500949E-01    0.0000
    0.055589553500      0.276963589726E-01    0.0000
    0.056293238128      0.283353750077E-01    0.0000
    0.057005774020      0.289882654782E-01    0.0000
    0.057727272509      0.296553019028E-01    0.0000
    0.058457846332      0.303367600714E-01    0.0000
    0.059197609643      0.310329200745E-01    0.0000
    0.059946678031      0.317440663313E-01    0.0000
    0.060705168539      0.324704876162E-01    0.0000
    0.061473199683      0.332124770837E-01    0.0000
    0.062250891470      0.339703322917E-01    0.0000
    0.063038365415      0.347443552233E-01    0.0000
    0.063835744563      0.355348523067E-01    0.0000
    0.064643153506      0.363421344330E-01    0.0000
    0.065460718403      0.371665169722E-01    0.0000
    0.066288567001      0.380083197875E-01    0.0000
    0.067126828652      0.388678672462E-01    0.0000
    0.067975634337      0.397454882302E-01    0.0000
    0.068835116683      0.406415161420E-01    0.0000
    0.069705409986      0.415562889101E-01    0.0000
    0.070586650231      0.424901489902E-01    0.0000
    0.071478975113      0.434434433651E-01    0.0000
    0.072382524062      0.444165235406E-01    0.0000
    0.073297438256      0.454097455390E-01    0.0000
    0.074223860655      0.464234698894E-01    0.0000
    0.075161936013      0.474580616152E-01    0.0000
    0.076111810906      0.485138902170E-01    0.0000
    0.077073633755      0.495913296539E-01    0.0000
    0.078047554845      0.506907583195E-01    0.0000
    0.079033726355      0.518125590150E-01    0.0000
    0.080032302376      0.529571189185E-01    0.0000
    0.081043438936      0.541248295496E-01    0.0000
    0.082067294029      0.553160867307E-01    0.0000
    0.083104027634      0.565312905434E-01    0.0000
    0.084153801741      0.577708452803E-01    0.0000
    0.085216780382      0.590351593930E-01    0.0000
    0.086293129648      0.603246454339E-01    0.0000
    0.087383017721      0.616397199949E-01    0.0000
    0.088486614898      0.629808036393E-01    0.0000
    0.089604093619      0.643483208292E-01    0.0000
    0.090735628492      0.657426998476E-01    0.0000
    0.091881396322      0.671643727146E-01    0.0000
    0.093041576136      0.686137750975E-01    0.0000
    0.094216349216      0.700913462160E-01    0.0000
    0.095405899123      0.715975287398E-01    0.0000
    0.096610411725      0.731327686812E-01    0.0000
    0.097830075231      0.746975152801E-01    0.0000
    0.099065080215      0.762922208832E-01    0.0000
    0.100315619649      0.779173408161E-01    0.0000
    0.101581888933      0.795733332474E-01    0.0000
    0.102864085924      0.812606590472E-01    0.0000
    0.104162410967      0.829797816366E-01    0.0000
    0.105477066929      0.847311668304E-01    0.0000
    0.106808259228      0.865152826720E-01    0.0000
    0.108156195864      0.883325992597E-01    0.0000
    0.109521087456      0.901835885650E-01    0.0000
    0.110903147271      0.920687242430E-01    0.0000
    0.112302591258      0.939884814333E-01    0.0000
    0.113719638083      0.959433365524E-01    0.0000
    0.115154509164      0.979337670776E-01    0.0000
    0.116607428700      0.999602513210E-01    0.0000
    0.118078623715      0.102023268194E+00    0.0000
    0.119568324085      0.104123296963E+00    0.0000
    0.121076762578      0.106260816995E+00    0.0000
    0.122604174893      0.108436307491E+00    0.0000
    0.124150799689      0.110650247214E+00    0.0000
    0.125716878630      0.112903114203E+00    0.0000
    0.127302656419      0.115195385474E+00    0.0000
    0.128908380837      0.117527536718E+00    0.0000
    0.130534302782      0.119900041983E+00    0.0000
    0.132180676307      0.122313373341E+00    0.0000
    0.133847758662      0.124768000553E+00    0.0000
    0.135535810332      0.127264390716E+00    0.0000
    0.137245095078      0.129803007900E+00    0.0000
    0.138975879979      0.132384312772E+00    0.0000
    0.140728435474      0.135008762214E+00    0.0000
    0.142503035403      0.137676808919E+00    0.0000
    0.144299957052      0.140388900983E+00    0.0000
    0.146119481193      0.143145481483E+00    0.0000
    0.147961892129      0.145946988040E+00    0.0000
    0.149827477743      0.148793852373E+00    0.0000
    0.151716529534      0.151686499835E+00    0.0000
    0.153629342673      0.154625348946E+00    0.0000
    0.155566216038      0.157610810903E+00    0.0000
    0.157527452271      0.160643289081E+00    0.0000
    0.159513357819      0.163723178526E+00    0.0000
    0.161524242984      0.166850865428E+00    0.0000
    0.163560421971      0.170026726587E+00    0.0000
    0.165622212936      0.173251128860E+00    0.0000
    0.167709938039      0.176524428604E+00    0.0000
    0.169823923491      0.179846971096E+00    0.0000
    0.171964499606      0.183219089949E+00    0.0000
    0.174132000855      0.186641106515E+00    0.0000
    0.176326765913      0.190113329268E+00    0.0000
    0.178549137716      0.193636053183E+00    0.0000
    0.180799463516      0.197209559098E+00    0.0000
    0.183078094930      0.200834113071E+00    0.0000
    0.185385387999      0.204509965717E+00    0.0000
    0.187721703242      0.208237351537E+00    0.0000
    0.190087405712      0.212016488241E+00    0.0000
    0.192482865057      0.215847576050E+00    0.0000
    0.194908455571      0.219730797002E+00    0.0000
    0.197364556258      0.223666314232E+00    0.0000
    0.199851550888      0.227654271256E+00    0.0000
    0.202369828060      0.231694791240E+00    0.0000
    0.204919781258      0.235787976258E+00    0.0000
    0.207501808920      0.239933906551E+00    0.0000
    0.210116314492      0.244132639767E+00    0.0000
    0.212763706495      0.248384210206E+00    0.0000
    0.215444398590      0.252688628050E+00    0.0000
    0.218158809641      0.257045878591E+00    0.0000
    0.220907363780      0.261455921458E+00    0.0000
    0.223690490473      0.265918689831E+00    0.0000
    0.226508624591      0.270434089663E+00    0.0000
    0.229362206473      0.275001998889E+00    0.0000
    0.232251681996      0.279622266644E+00    0.0000
    0.235177502646      0.284294712472E+00    0.0000
    0.238140125590      0.289019125540E+00    0.0000
    0.241140013743      0.293795263854E+00    0.0000
    0.244177635844      0.298622853472E+00    0.0000
    0.247253466527      0.303501587730E+00    0.0000
    0.250367986398      0.308431126464E+00    0.0000
    0.253521682105      0.313411095241E+00    0.0000
    0.256715046422      0.318441084597E+00    0.0000
    0.259948578316      0.323520649283E+00    0.0000
    0.263222783035      0.328649307520E+00    0.0000
    0.266538172179      0.333826540262E+00    0.0000
    0.269895263785      0.339051790473E+00    0.0000
    0.273294582405      0.344324462419E+00    0.0000
    0.276736659190      0.349643920963E+00    0.0000
    0.280222031970      0.355009490888E+00    0.0000
    0.283751245344      0.360420456226E+00    0.0000
    0.287324850756      0.365876059610E+00    0.0000
    0.290943406591      0.371375501638E+00    0.0000
    0.294607478256      0.376917940260E+00    0.0000
    0.298317638268      0.382502490182E+00    0.0000
    0.302074466348      0.388128222294E+00    0.0000
    0.305878549508      0.393794163117E+00    0.0000
    0.309730482144      0.399499294266E+00    0.0000
    0.313630866128      0.405242551950E+00    0.0000
    0.317580310902      0.411022826480E+00    0.0000
    0.321579433577      0.416838961809E+00    0.0000
    0.325628859022      0.422689755091E+00    0.0000
    0.329729219969      0.428573956272E+00    0.0000
    0.333881157107      0.434490267693E+00    0.0000
    0.338085319185      0.440437343727E+00    0.0000
    0.342342363113      0.446413790439E+00    0.0000
    0.346652954061      0.452418165262E+00    0.0000
    0.351017765569      0.458448976707E+00    0.0000
    0.355437479646      0.464504684093E+00    0.0000
    0.359912786883      0.470583697292E+00    0.0000
    0.364444386555      0.476684376513E+00    0.0000
    0.369032986734      0.482805032093E+00    0.0000
    0.373679304398      0.488943924317E+00    0.0000
    0.378384065544      0.495099263263E+00    0.0000
    0.383148005299      0.501269208666E+00    0.0000
    0.387971868040      0.507451869797E+00    0.0000
    0.392856407505      0.513645305379E+00    0.0000
    0.397802386913      0.519847523514E+00    0.0000
    0.402810579083      0.526056481640E+00    0.0000
    0.407881766555      0.532270086510E+00    0.0000
    0.413016741714      0.538486194200E+00    0.0000
    0.418216306908      0.544702610148E+00    0.0000
    0.423481274582      0.550917089219E+00    0.0000
    0.428812467396      0.557127335809E+00    0.0000
    0.434210718360      0.563331003991E+00    0.0000
    0.439676870963      0.569525697696E+00    0.0000
    0.445211779301      0.575708970952E+00    0.0000
    0.450816308216      0.581878328165E+00    0.0000
    0.456491333426      0.588031224473E+00    0.0000
    0.462237741666      0.594165066153E+00    0.0000
    0.468056430823      0.600277211109E+00    0.0000
    0.473948310080      0.606364969438E+00    0.0000
    0.479914300055      0.612425604078E+00    0.0000
    0.485955332945      0.618456331559E+00    0.0000
    0.492072352675      0.624454322847E+00    0.0000
    0.498266315041      0.630416704300E+00    0.0000
    0.504538187862      0.636340558740E+00    0.0000
    0.510888951132      0.642222926645E+00    0.0000
    0.517319597170      0.648060807471E+00    0.0000
    0.523831130778      0.653851161098E+00    0.0000
    0.530424569395      0.659590909429E+00    0.0000
    0.537100943260      0.665276938114E+00    0.0000
    0.543861295571      0.670906098424E+00    0.0000
    0.550706682646      0.676475209276E+00    0.0000
    0.557638174090      0.681981059395E+00    0.0000
    0.564656852963      0.687420409629E+00    0.0000
    0.571763815949      0.692789995409E+00    0.0000
    0.578960173524      0.698086529355E+00    0.0000
    0.586247050134      0.703306704019E+00    0.0000
    0.593625584368      0.708447194772E+00    0.0000
    0.601096929138      0.713504662824E+00    0.0000
    0.608662251856      0.718475758373E+00    0.0000
    0.616322734619      0.723357123880E+00    0.0000
    0.624079574393      0.728145397457E+00    0.0000
    0.631933983201      0.732837216378E+00    0.0000
    0.639887188309      0.737429220680E+00    0.0000
    0.647940432422      0.741918056874E+00    0.0000
    0.656094973876      0.746300381735E+00    0.0000
    0.664352086834      0.750572866180E+00    0.0000
    0.672713061488      0.754732199212E+00    0.0000
    0.681179204256      0.758775091935E+00    0.0000
    0.689751837991      0.762698281613E+00    0.0000
    0.698432302183      0.766498535781E+00    0.0000
    0.707221953174      0.770172656395E+00    0.0000
    0.716122164364      0.773717483993E+00    0.0000
    0.725134326429      0.777129901893E+00    0.0000
    0.734259847538      0.780406840379E+00    0.0000
    0.743500153572      0.783545280896E+00    0.0000
    0.752856688347      0.786542260229E+00    0.0000
    0.762330913842      0.789394874659E+00    0.0000
    0.771924310424      0.792100284089E+00    0.0000
    0.781638377079      0.794655716126E+00    0.0000
    0.791474631650      0.797058470118E+00    0.0000
    0.801434611074      0.799305921126E+00    0.0000
    0.811519871616      0.801395523831E+00    0.0000
    0.821731989118      0.803324816361E+00    0.0000
    0.832072559246      0.805091424038E+00    0.0000
    0.842543197735      0.806693063020E+00    0.0000
    0.853145540642      0.808127543854E+00    0.0000
    0.863881244605      0.809392774908E+00    0.0000
    0.874751987101      0.810486765692E+00    0.0000
    0.885759466704      0.811407630058E+00    0.0000
    0.896905403356      0.812153589255E+00    0.0000
    0.908191538632      0.812722974865E+00    0.0000
    0.919619636014      0.813114231586E+00    0.0000
    0.931191481165      0.813325919866E+00    0.0000
    0.942908882209      0.813356718390E+00    0.0000
    0.954773670015      0.813205426405E+00    0.0000
    0.966787698479      0.812870965887E+00    0.0000
    0.978952844818      0.812352383538E+00    0.0000
    0.991271009860      0.811648852624E+00    0.0000
    1.003744118345      0.810759674633E+00    0.0000
    1.016374119220      0.809684280771E+00    0.0000
    1.029162985949      0.808422233274E+00    0.0000
    1.042112716819      0.806973226559E+00    0.0000
    1.055225335251      0.805337088189E+00    0.0000
    1.068502890118      0.803513779666E+00    0.0000
    1.081947456066      0.801503397059E+00    0.0000
    1.095561133835      0.799306171447E+00    0.0000
    1.109346050590      0.796922469202E+00    0.0000
    1.123304360253      0.794352792092E+00    0.0000
    1.137438243837      0.791597777230E+00    0.0000
    1.151749909791      0.788658196848E+00    0.0000
    1.166241594342      0.785534957919E+00    0.0000
    1.180915561844      0.782229101615E+00    0.0000
    1.195774105136      0.778741802617E+00    0.0000
    1.210819545894      0.775074368276E+00    0.0000
    1.226054235000      0.771228237625E+00    0.0000
    1.241480552905      0.767204980255E+00    0.0000
    1.257100910002      0.763006295053E+00    0.0000
    1.272917747003      0.758634008815E+00    0.0000
    1.288933535322      0.754090074727E+00    0.0000
    1.305150777459      0.749376570726E+00    0.0000
    1.321572007390      0.744495697755E+00    0.0000
    1.338199790966      0.739449777898E+00    0.0000
    1.355036726312      0.734241252412E+00    0.0000
    1.372085444233      0.728872679666E+00    0.0000
    1.389348608626      0.723346732975E+00    0.0000
    1.406828916896      0.717666198351E+00    0.0000
    1.424529100377      0.711833972168E+00    0.0000
    1.442451924758      0.705853058740E+00    0.0000
    1.460600190516      0.699726567829E+00    0.0000
    1.478976733356      0.693457712077E+00    0.0000
    1.497584424650      0.687049804364E+00    0.0000
    1.516426171887      0.680506255113E+00    0.0000
    1.535504919129      0.673830569514E+00    0.0000
    1.554823647468      0.667026344705E+00    0.0000
    1.574385375495      0.660097266881E+00    0.0000
    1.594193159770      0.653047108356E+00    0.0000
    1.614250095300      0.645879724571E+00    0.0000
    1.634559316022      0.638599051041E+00    0.0000
    1.655123995292      0.631209100262E+00    0.0000
    1.675947346384      0.623713958557E+00    0.0000
    1.697032622989      0.616117782876E+00    0.0000
    1.718383119724      0.608424797552E+00    0.0000
    1.740002172647      0.600639290989E+00    0.0000
    1.761893159779      0.592765612318E+00    0.0000
    1.784059501633      0.584808167995E+00    0.0000
    1.806504661743      0.576771418341E+00    0.0000
    1.829232147212      0.568659874036E+00    0.0000
    1.852245509256      0.560478092556E+00    0.0000
    1.875548343759      0.552230674553E+00    0.0000
    1.899144291837      0.543922260183E+00    0.0000
    1.923037040404      0.535557525368E+00    0.0000
    1.947230322751      0.527141178008E+00    0.0000
    1.971727919127      0.518677954120E+00    0.0000
    1.996533657333      0.510172613931E+00    0.0000
    2.021651413314      0.501629937893E+00    0.0000
    2.047085111772      0.493054722645E+00    0.0000
    2.072838726773      0.484451776903E+00    0.0000
    2.098916282373      0.475825917295E+00    0.0000
    2.125321853242      0.467181964123E+00    0.0000
    2.152059565305      0.458524737065E+00    0.0000
    2.179133596383      0.449859050818E+00    0.0000
    2.206548176849      0.441189710670E+00    0.0000
    2.234307590287      0.432521508026E+00    0.0000
    2.262416174162      0.423859215860E+00    0.0000
    2.290878320497      0.415207584133E+00    0.0000
    2.319698476560      0.406571335137E+00    0.0000
    2.348881145560      0.397955158818E+00    0.0000
    2.378430887348      0.389363708032E+00    0.0000
    2.408352319130      0.380801593786E+00    0.0000
    2.438650116193      0.372273380431E+00    0.0000
    2.469329012627      0.363783580845E+00    0.0000
    2.500393802074      0.355336651590E+00    0.0000
    2.531849338469      0.346936988066E+00    0.0000
    2.563700536805      0.338588919661E+00    0.0000
    2.595952373895      0.330296704910E+00    0.0000
    2.628609889155      0.322064526680E+00    0.0000
    2.661678185389      0.313896487372E+00    0.0000
    2.695162429584      0.305796604171E+00    0.0000
    2.729067853722      0.297768804346E+00    0.0000
    2.763399755595      0.289816920614E+00    0.0000
    2.798163499631      0.281944686570E+00    0.0000
    2.833364517738      0.274155732219E+00    0.0000
    2.869008310144      0.266453579593E+00    0.0000
    2.905100446267      0.258841638494E+00    0.0000
    2.941646565574      0.251323202355E+00    0.0000
    2.978652378472      0.243901444241E+00    0.0000
    3.016123667195      0.236579413009E+00    0.0000
    3.054066286707      0.229360029622E+00    0.0000
    3.092486165619      0.222246083658E+00    0.0000
    3.131389307117      0.215240229995E+00    0.0000
    3.170781789895      0.208344985709E+00    0.0000
    3.210669769109      0.201562727187E+00    0.0000
    3.251059477336      0.194895687469E+00    0.0000
    3.291957225551      0.188345953828E+00    0.0000
    3.333369404109      0.181915465604E+00    0.0000
    3.375302483750      0.175606012290E+00    0.0000
    3.417763016600      0.169419231903E+00    0.0000
    3.460757637205      0.163356609619E+00    0.0000
    3.504293063562      0.157419476703E+00    0.0000
    3.548376098169      0.151609009734E+00    0.0000
    3.593013629092      0.145926230119E+00    0.0000
    3.638212631033      0.140372003925E+00    0.0000
    3.683980166431      0.134947042013E+00    0.0000
    3.730323386554      0.129651900480E+00    0.0000
    3.777249532627      0.124486981422E+00    0.0000
    3.824765936953      0.119452534004E+00    0.0000
    3.872880024069      0.114548655851E+00    0.0000
    3.921599311898      0.109775294738E+00    0.0000
    3.970931412928      0.105132250606E+00    0.0000
    4.020884035400      0.100619177865E+00    0.0000
    4.071464984513      0.962355880079E-01    0.0000
    4.122682163643      0.919808525150E-01    0.0000
    4.174543575580      0.878542060391E-01    0.0000
    4.227057323773      0.838547498722E-01    0.0000
    4.280231613603      0.799814556764E-01    0.0000
    4.334074753661      0.762331694699E-01    0.0000
    4.388595157047      0.726086158580E-01    0.0000
    4.443801342684      0.691064024934E-01    0.0000
    4.499701936653      0.657250247538E-01    0.0000
    4.556305673534      0.624628706210E-01    0.0000
    4.613621397776      0.593182257464E-01    0.0000
    4.671658065079      0.562892786864E-01    0.0000
    4.730424743788      0.533741262907E-01    0.0000
    4.789930616318      0.505707792257E-01    0.0000
    4.850184980582      0.478771676153E-01    0.0000
    4.911197251446      0.452911467803E-01    0.0000
    4.972976962204      0.428105030580E-01    0.0000
    5.035533766059      0.404329596813E-01    0.0000
    5.098877437640      0.381561827010E-01    0.0000
    5.163017874524      0.359777869285E-01    0.0000
    5.227965098786      0.338953418826E-01    0.0000
    5.293729258561      0.319063777191E-01    0.0000
    5.360320629632      0.300083911260E-01    0.0000
    5.427749617038      0.281988511636E-01    0.0000
    5.496026756694      0.264752050338E-01    0.0000
    5.565162717042      0.248348837589E-01    0.0000
    5.635168300718      0.232753077530E-01    0.0000
    5.706054446235      0.217938922709E-01    0.0000
    5.777832229699      0.203880527175E-01    0.0000
    5.850512866533      0.190552098026E-01    0.0000
    5.924107713236      0.177927945282E-01    0.0000
    5.998628269152      0.165982529945E-01    0.0000
    6.074086178269      0.154690510125E-01    0.0000
    6.150493231040      0.144026785128E-01    0.0000
    6.227861366221      0.133966537396E-01    0.0000
    6.306202672741      0.124485272225E-01    0.0000
    6.385529391589      0.115558855177E-01    0.0000
    6.465853917726      0.107163547120E-01    0.0000
    6.547188802022      0.992760368535E-02    0.0000
    6.629546753219      0.918734712705E-02    0.0000
    6.712940639915      0.849334830321E-02    0.0000
    6.797383492572      0.784342157400E-02    0.0000
    6.882888505560      0.723543466005E-02    0.0000
    6.969469039211      0.666731065893E-02    0.0000
    7.057138621908      0.613702981333E-02    0.0000
    7.145910952202      0.564263103421E-02    0.0000
    7.235799900952      0.518221318252E-02    0.0000
    7.326819513487      0.475393611466E-02    0.0000
    7.418984011808      0.435602149749E-02    0.0000
    7.512307796805      0.398675339948E-02    0.0000
    7.606805450508      0.364447866560E-02    0.0000
    7.702491738370      0.332760708421E-02    0.0000
    7.799381611567      0.303461135456E-02    0.0000
    7.897490209338      0.276402686471E-02    0.0000
    7.996832861352      0.251445128942E-02    0.0000
    8.097425090101      0.228454401866E-02    0.0000
    8.199282613324      0.207302542722E-02    0.0000
    8.302421346467      0.187867599659E-02    0.0000
    8.406857405167      0.170033530007E-02    0.0000
    8.512607107771      0.153690086259E-02    0.0000
    8.619686977884      0.138732690646E-02    0.0000
    8.728113746954      0.125062299446E-02    0.0000
    8.837904356884      0.112585258141E-02    0.0000
    8.949075962682      0.101213148554E-02    0.0000
    9.061645935135      0.908626290338E-03    0.0000
    9.175631863532      0.814552687724E-03    0.0000
    9.291051558406      0.729173772835E-03    0.0000
    9.407923054318      0.651798300445E-03    0.0000
    9.526264612678      0.581778912692E-03    0.0000
    9.646094724596      0.518510347291E-03    0.0000
    9.767432113769      0.461427635013E-03    0.0000
    9.890295739412      0.410004294711E-03    0.0000
   10.014704799216      0.363750533662E-03    0.0000
   10.140678732350      0.322211460507E-03    0.0000
   10.268237222497      0.284965317493E-03    0.0000
   10.397400200932      0.251621738226E-03    0.0000
   10.528187849631      0.221820036563E-03    0.0000
   10.660620604432      0.195227531747E-03    0.0000
   10.794719158221      0.171537914340E-03    0.0000
   10.930504464171      0.150469656964E-03    0.0000
   11.067997739012      0.131764473349E-03    0.0000
   11.207220466347      0.115185828663E-03    0.0000
   11.348194400012      0.100517503616E-03    0.0000
   11.490941567470      0.875622143284E-04    0.0000
   11.635484273256      0.761402895253E-04    0.0000
   11.781845102462      0.660884061692E-04    0.0000
   11.930046924266      0.572583842285E-04    0.0000
   12.080112895504      0.495160409092E-04    0.0000
   12.232066464289      0.427401043107E-04    0.0000
   12.385931373675      0.368211861389E-04    0.0000
   12.541731665368      0.316608128109E-04    0.0000
   12.699491683480      0.271705140084E-04    0.0000
   12.859236078335      0.232709674964E-04    0.0000
   13.020989810319      0.198911988046E-04    0.0000
   13.184778153783      0.169678341800E-04    0.0000
   13.350626700988      0.144444050601E-04    0.0000
   13.518561366107      0.122707021750E-04    0.0000
   13.688608389273      0.104021772827E-04    0.0000
   13.860794340680      0.879939044770E-05    0.0000
   14.035146124732      0.742750071510E-05    0.0000
   14.211690984251      0.625579798443E-05    0.0000
   14.390456504730      0.525727386709E-05    0.0000
   14.571470618646      0.440822930410E-05    0.0000
   14.754761609822      0.368791673294E-05    0.0000
   14.940358117848      0.307821461800E-05    0.0000
   15.128289142557      0.256333219871E-05    0.0000
   15.318584048553      0.212954236040E-05    0.0000
   15.511272569802      0.176494059436E-05    0.0000
   15.706384814278      0.145922808323E-05    0.0000
   15.903951268667      0.120351702480E-05    0.0000
   16.104002803128      0.990156390084E-06    0.0000
   16.306570676120      0.812576398424E-06    0.0000
   16.511686539287      0.665150082681E-06    0.0000
   16.719382442399      0.543070409686E-06    0.0000
   16.929690838364      0.442241514311E-06    0.0000
   17.142644588296      0.359182698622E-06    0.0000
   17.358276966651      0.290943939878E-06    0.0000
   17.576621666429      0.235031741804E-06    0.0000
   17.797712804431      0.189344252009E-06    0.0000
   18.021584926599      0.152114654022E-06    0.0000
   18.248273013407      0.121861924821E-06    0.0000
   18.477812485330      0.973481274197E-07    0.0000
   18.710239208377      0.775414829180E-07    0.0000
   18.945589499697      0.615845371158E-07    0.0000
   19.183900133251      0.487668032004E-07    0.0000
   19.425208345561      0.385013241306E-07    0.0000
   19.669551841526      0.303046560792E-07    0.0000
   19.916968800314      0.237798277355E-07    0.0000
   20.167497881329      0.186018794753E-07    0.0000
   20.421178230248      0.145056315002E-07    0.0000
   20.678049485143      0.112753711819E-07    0.0000
   20.938151782671      0.873618718948E-08    0.0000
   21.201525764343      0.674671173201E-08    0.0000
   21.468212582881      0.519306260979E-08    0.0000
   21.738253908642      0.398380396599E-08    0.0000
   22.011691936133      0.304576887817E-08    0.0000
   22.288569390603      0.232060845541E-08    0.0000
   22.568929534716      0.176195113095E-08    0.0000
   22.852816175316      0.133307257968E-08    0.0000
   23.140273670267      0.100499135421E-08    0.0000
   23.431346935389      0.754918123466E-09    0.0000
   23.726081451471      0.564997504817E-09    0.0000
   24.024523271381      0.421291083070E-09    0.0000
   24.326719027261      0.312958475704E-09    0.0000
   24.632715937811      0.231600387167E-09    0.0000
   24.942561815673      0.170733638932E-09    0.0000
   25.256305074894      0.125373295813E-09    0.0000
   25.573994738497      0.917013504282E-10    0.0000
   25.895680446139      0.668050826740E-10    0.0000
   26.221412461866      0.484712742814E-10    0.0000
   26.551241681968      0.350250142592E-10    0.0000
   26.885219642932      0.252039536470E-10    0.0000
   27.223398529493      0.180606228865E-10    0.0000
   27.565831182791      0.128868692971E-10    0.0000
   27.912571108625      0.915565514438E-11    0.0000
   28.263672485813      0.647642132206E-11    0.0000
   28.619190174659      0.456100440016E-11    0.0000
   28.979179725527      0.319772697807E-11    0.0000
   29.343697387515      0.223178945083E-11    0.0000
   29.712800117251      0.155049781217E-11    0.0000
   30.086545587785      0.107218574184E-11    0.0000
   30.464992197610      0.737945599326E-12    0.0000
   30.848199079777      0.505485046350E-12    0.0000
   31.236226111141      0.344584543941E-12    0.0000
   31.629133921716      0.233754688836E-12    0.0000
   32.026983904146      0.157788421341E-12    0.0000
   32.429838223300      0.105977351497E-12    0.0000
   32.837759825986      0.708184876774E-13    0.0000
   33.250812450784      0.470812590664E-13    0.0000
   33.669060638006      0.311378877491E-13    0.0000
   34.092569739783      0.204852542782E-13    0.0000
   34.521405930274      0.134052775057E-13    0.0000
   34.955636216006      0.872495592049E-14    0.0000
   35.395328446345      0.564773135544E-14    0.0000
   35.840551324095      0.363561740693E-14    0.0000
   36.291374416239      0.232726206558E-14    0.0000
   36.747868164800      0.148130542474E-14    0.0000
   37.210103897856      0.937443248867E-15    0.0000
   37.678153840680      0.589813700843E-15    0.0000
   38.152091127029      0.368911568444E-15    0.0000
   38.631989810568      0.229369084775E-15    0.0000
   39.117924876442      0.141748969945E-15    0.0000
   39.609972252994      0.870651155741E-16    0.0000
   40.108208823628      0.531464284883E-16    0.0000
   40.612712438821      0.322385567935E-16    0.0000
   41.123561928290      0.194318539849E-16    0.0000
   41.640837113306      0.116373775206E-16    0.0000
   42.164618819171      0.692409313687E-17    0.0000
   42.694988887841      0.409262334665E-17    0.0000
   43.232030190718      0.240289892379E-17    0.0000
   43.775826641598      0.140128788445E-17    0.0000
   44.326463209784      0.811596550830E-18    0.0000
   44.884025933360      0.466805892366E-18    0.0000
   45.448601932634      0.266610744793E-18    0.0000
   46.020279423757      0.151190859054E-18    0.0000
   46.599147732499      0.851218166448E-19    0.0000
   47.185297308210      0.475755800698E-19    0.0000
   47.778819737955      0.263945981077E-19    0.0000
   48.379807760822      0.145342675843E-19    0.0000
   48.988355282410      0.794286630733E-20    0.0000
   49.604557389508      0.430750411554E-20    0.0000
   50.228510364950      0.231790862471E-20    0.0000
   50.860311702657      0.123750329133E-20    0.0000
   51.500060122874      0.655439470794E-21    0.0000
   52.147855587593      0.344358799022E-21    0.0000
   52.803799316173      0.179447649698E-21    0.0000
   53.467993801157      0.927400725162E-22    0.0000
   54.140542824283      0.475285598724E-22    0.0000
   54.821551472705      0.241520151534E-22    0.0000
   55.511126155410      0.121679362703E-22    0.0000
   56.209374619846      0.607712363646E-23    0.0000
   56.916405968754      0.300849274696E-23    0.0000
   57.632330677223      0.147611833548E-23    0.0000
   58.357260609943      0.717737503193E-24    0.0000
   59.091309038693      0.345806138097E-24    0.0000
   59.834590660033      0.165071486799E-24    0.0000
   60.587221613227      0.780607682494E-25    0.0000
   61.349319498394      0.365648186987E-25    0.0000
   62.121003394879      0.169633524193E-25    0.0000
   62.902393879860      0.779336054420E-26    0.0000
   63.693613047192      0.354526896993E-26    0.0000
   64.494784526477      0.159672749704E-26    0.0000
   65.306033502390      0.711893136387E-27    0.0000
   66.127486734235      0.314156260068E-27    0.0000
   66.959272575749      0.137204195469E-27    0.0000
   67.801520995162      0.592956722353E-28    0.0000
   68.654363595505      0.253544983193E-28    0.0000
   69.517933635167      0.107251966645E-28    0.0000
   70.392366048726      0.448760714971E-29    0.0000
   71.277797468024      0.185705228631E-29    0.0000
   72.174366243522      0.759928749554E-30    0.0000
   73.082212465915      0.307468101978E-30    0.0000
   74.001477988024      0.122982695289E-30    0.0000
   74.932306446955      0.486230598017E-31    0.0000
   75.874843286549      0.189990454313E-31    0.0000
   76.829235780106      0.733581992761E-32    0.0000
   77.795633053393      0.279851978104E-32    0.0000
   78.774186107952      0.105464349106E-32    0.0000
   79.765047844687      0.392567709083E-33    0.0000
   80.768373087761      0.144307326963E-33    0.0000
   81.784318608785      0.523793012325E-34    0.0000
   82.813043151313      0.187698332642E-34    0.0000
   83.854707455647      0.663929098282E-35    0.0000
   84.909474283956      0.231778974834E-35    0.0000
   85.977508445701      0.798449013729E-36    0.0000
   87.058976823393      0.271375245519E-36    0.0000
   88.154048398667      0.909853647145E-37    0.0000
   89.262894278683      0.300869951604E-37    0.0000
   90.385687722868      0.981113096088E-38    0.0000
   91.522604169981      0.315441372665E-38    0.0000
   92.673821265529      0.999777230611E-39    0.0000
   93.839518889526      0.312318609418E-39    0.0000
   95.019879184598      0.961450444255E-40    0.0000
   96.215086584442      0.291617856574E-40    0.0000
   97.425327842646      0.871329945508E-41    0.0000
   98.650792061868      0.256421818922E-41    0.0000
   99.891670723387      0.743110044467E-42    0.0000
  101.148157717018      0.212030487278E-42    0.0000
  102.420449371409      0.595540951906E-43    0.0000
  103.708744484721      0.164631404750E-43    0.0000
  105.013244355685      0.447839673744E-44    0.0000
  106.334152815061      0.119855422959E-44    0.0000
  107.671676257484      0.315531374316E-45    0.0000
  109.026023673711      0.816926083085E-46    0.0000
  110.397406683282      0.207981308428E-46    0.0000
  111.786039567583      0.520552379090E-47    0.0000
  113.192139303326      0.128003307578E-47    0.0000
  114.615925596457      0.307216700977E-48    0.0000
  116.057620916481      0.724221759463E-49    0.0000
  117.517450531224      0.167649929978E-49    0.0000
  118.995642542033      0.381014014054E-50    0.0000
