    0.0000044541              0.00000           0.00000           0.00000
    0.0000089643              0.00000           0.00000           0.00000
    0.0000135312              0.00000           0.00000           0.00000
    0.0000181555              0.00000           0.00000           0.00000
    0.0000228380              0.00000           0.00000           0.00000
    0.0000275794              0.00000           0.00000           0.00000
    0.0000323804              0.00000           0.00000           0.00000
    0.0000372418              0.00000           0.00000           0.00000
    0.0000421644              0.00000           0.00000           0.00000
    0.0000471489              0.00000           0.00001           0.00001
    0.0000521960              0.00000           0.00001           0.00001
    0.0000573067              0.00000           0.00001           0.00001
    0.0000624817              0.00000           0.00001           0.00001
    0.0000677217              0.00000           0.00001           0.00001
    0.0000730277              0.00000           0.00001           0.00001
    0.0000784004              0.00000           0.00002           0.00001
    0.0000838406              0.00000           0.00002           0.00002
    0.0000893494              0.00000           0.00002           0.00002
    0.0000949274              0.00000           0.00002           0.00002
    0.0001005755              0.00000           0.00003           0.00002
    0.0001062947              0.00000           0.00003           0.00003
    0.0001120859              0.00000           0.00003           0.00003
    0.0001179499              0.00000           0.00004           0.00003
    0.0001238876              0.00000           0.00004           0.00004
    0.0001299000              0.00000           0.00004           0.00004
    0.0001359881              0.00000           0.00005           0.00004
    0.0001421528              0.00000           0.00005           0.00005
    0.0001483949              0.00000           0.00006           0.00005
    0.0001547156              0.00000           0.00006           0.00006
    0.0001611159              0.00000           0.00007           0.00006
    0.0001675966              0.00000           0.00007           0.00007
    0.0001741588              0.00000           0.00008           0.00007
    0.0001808036              0.00000           0.00008           0.00008
    0.0001875319              0.00000           0.00009           0.00009
    0.0001943449              0.00000           0.00010           0.00009
    0.0002012436              0.00000           0.00010           0.00010
    0.0002082290              0.00000           0.00011           0.00011
    0.0002153024              0.00000           0.00012           0.00011
    0.0002224647              0.00000           0.00013           0.00012
    0.0002297170              0.00000           0.00014           0.00013
    0.0002370606              0.00000           0.00014           0.00014
    0.0002444966              0.00000           0.00015           0.00014
    0.0002520261              0.00000           0.00016           0.00015
    0.0002596504              0.00000           0.00017           0.00016
    0.0002673705              0.00000           0.00018           0.00017
    0.0002751877              0.00000           0.00019           0.00018
    0.0002831033              0.00000           0.00021           0.00019
    0.0002911184              0.00000           0.00022           0.00021
    0.0002992343              0.00000           0.00023           0.00022
    0.0003074524              0.00000           0.00024           0.00023
    0.0003157738              0.00000           0.00026           0.00024
    0.0003241998              0.00000           0.00027           0.00025
    0.0003327319              0.00000           0.00028           0.00027
    0.0003413713              0.00000           0.00030           0.00028
    0.0003501193              0.00000           0.00031           0.00030
    0.0003589774              0.00000           0.00033           0.00031
    0.0003679469              0.00000           0.00035           0.00033
    0.0003770292              0.00000           0.00036           0.00034
    0.0003862258              0.00000           0.00038           0.00036
    0.0003955380              0.00000           0.00040           0.00038
    0.0004049674              0.00000           0.00042           0.00040
    0.0004145154              0.00000           0.00044           0.00042
    0.0004241835              0.00000           0.00046           0.00043
    0.0004339732              0.00000           0.00048           0.00046
    0.0004438860              0.00000           0.00050           0.00048
    0.0004539235              0.00000           0.00053           0.00050
    0.0004640873              0.00000           0.00055           0.00052
    0.0004743789              0.00000           0.00057           0.00054
    0.0004848000              0.00000           0.00060           0.00057
    0.0004953522              0.00000           0.00063           0.00059
    0.0005060371              0.00000           0.00065           0.00062
    0.0005168563              0.00000           0.00068           0.00064
    0.0005278117              0.00000           0.00071           0.00067
    0.0005389049              0.00000           0.00074           0.00070
    0.0005501376              0.00000           0.00077           0.00073
    0.0005615116              0.00000           0.00080           0.00076
    0.0005730287              0.00000           0.00084           0.00079
    0.0005846906              0.00000           0.00087           0.00082
    0.0005964992              0.00000           0.00091           0.00086
    0.0006084564              0.00000           0.00094           0.00089
    0.0006205640              0.00000           0.00098           0.00093
    0.0006328238              0.00000           0.00102           0.00096
    0.0006452379              0.00000           0.00106           0.00100
    0.0006578081              0.00000           0.00110           0.00104
    0.0006705364              0.00000           0.00114           0.00108
    0.0006834249              0.00000           0.00119           0.00112
    0.0006964754              0.00000           0.00123           0.00117
    0.0007096901              0.00000           0.00128           0.00121
    0.0007230711              0.00000           0.00133           0.00126
    0.0007366203              0.00000           0.00138           0.00131
    0.0007503400              0.00000           0.00143           0.00135
    0.0007642322              0.00000           0.00148           0.00140
    0.0007782992              0.00000           0.00154           0.00146
    0.0007925431              0.00000           0.00160           0.00151
    0.0008069662              0.00000           0.00165           0.00157
    0.0008215707              0.00000           0.00171           0.00162
    0.0008363589              0.00000           0.00178           0.00168
    0.0008513331              0.00000           0.00184           0.00174
    0.0008664957              0.00000           0.00191           0.00180
    0.0008818490              0.00000           0.00197           0.00187
    0.0008973954              0.00000           0.00204           0.00193
    0.0009131374              0.00000           0.00211           0.00200
    0.0009290774              0.00000           0.00219           0.00207
    0.0009452178              0.00000           0.00227           0.00214
    0.0009615613              0.00000           0.00234           0.00222
    0.0009781104              0.00000           0.00242           0.00229
    0.0009948677              0.00000           0.00251           0.00237
    0.0010118357              0.00000           0.00259           0.00245
    0.0010290171              0.00000           0.00268           0.00254
    0.0010464147              0.00000           0.00277           0.00262
    0.0010640311              0.00000           0.00287           0.00271
    0.0010818691              0.00000           0.00296           0.00280
    0.0010999314              0.00000           0.00306           0.00290
    0.0011182210              0.00000           0.00316           0.00299
    0.0011367406              0.00000           0.00327           0.00309
    0.0011554932              0.00000           0.00338           0.00319
    0.0011744816              0.00000           0.00349           0.00330
    0.0011937089              0.00000           0.00360           0.00341
    0.0012131780              0.00000           0.00372           0.00352
    0.0012328921              0.00000           0.00384           0.00363
    0.0012528540              0.00000           0.00396           0.00375
    0.0012730671              0.00000           0.00409           0.00387
    0.0012935345              0.00000           0.00422           0.00399
    0.0013142593              0.00000           0.00436           0.00412
    0.0013352447              0.00000           0.00450           0.00425
    0.0013564942              0.00000           0.00464           0.00439
    0.0013780109              0.00000           0.00479           0.00453
    0.0013997982              0.00000           0.00494           0.00467
    0.0014218597              0.00000           0.00509           0.00482
    0.0014441986              0.00000           0.00525           0.00497
    0.0014668185              0.00000           0.00542           0.00512
    0.0014897229              0.00000           0.00558           0.00528
    0.0015129154              0.00000           0.00576           0.00545
    0.0015363997              0.00000           0.00594           0.00562
    0.0015601794              0.00000           0.00612           0.00579
    0.0015842581              0.00000           0.00631           0.00597
    0.0016086398              0.00000           0.00650           0.00615
    0.0016333281              0.00000           0.00670           0.00634
    0.0016583269              0.00000           0.00690           0.00653
    0.0016836402              0.00000           0.00711           0.00673
    0.0017092720              0.00000           0.00733           0.00693
    0.0017352261              0.00000           0.00755           0.00714
    0.0017615067              0.00000           0.00778           0.00736
    0.0017881178              0.00000           0.00801           0.00758
    0.0018150637              0.00000           0.00825           0.00781
    0.0018423485              0.00000           0.00850           0.00804
    0.0018699765              0.00000           0.00875           0.00828
    0.0018979520              0.00000           0.00901           0.00853
    0.0019262795              0.00000           0.00928           0.00878
    0.0019549632              0.00000           0.00955           0.00904
    0.0019840077              0.00000           0.00984           0.00931
    0.0020134176              0.00000           0.01012           0.00958
    0.0020431974              0.00000           0.01042           0.00986
    0.0020733518              0.00000           0.01073           0.01015
    0.0021038855              0.00000           0.01104           0.01045
    0.0021348032              0.00000           0.01136           0.01075
    0.0021661099              0.00000           0.01169           0.01107
    0.0021978103              0.00000           0.01203           0.01139
    0.0022299095              0.00000           0.01238           0.01172
    0.0022624124              0.00000           0.01274           0.01206
    0.0022953242              0.00000           0.01311           0.01240
    0.0023286499              0.00000           0.01348           0.01276
    0.0023623948              0.00000           0.01387           0.01313
    0.0023965642              0.00000           0.01427           0.01350
    0.0024311634              0.00000           0.01468           0.01389
    0.0024661978              0.00000           0.01509           0.01428
    0.0025016729              0.00000           0.01552           0.01469
    0.0025375942              0.00000           0.01597           0.01511
    0.0025739673              0.00000           0.01642           0.01554
    0.0026107980              0.00000           0.01688           0.01598
    0.0026480919              0.00000           0.01736           0.01643
    0.0026858549              0.00000           0.01785           0.01689
    0.0027240929              0.00000           0.01835           0.01737
    0.0027628119              0.00000           0.01887           0.01785
    0.0028020179              0.00000           0.01939           0.01835
    0.0028417171              0.00000           0.01994           0.01887
    0.0028819156              0.00000           0.02049           0.01939
    0.0029226198              0.00000           0.02106           0.01993
    0.0029638359              0.00000           0.02165           0.02049
    0.0030055705              0.00000           0.02225           0.02106
    0.0030478301              0.00000           0.02287           0.02164
    0.0030906212              0.00000           0.02350           0.02224
    0.0031339505              0.00000           0.02415           0.02285
    0.0031778249              0.00000           0.02481           0.02348
    0.0032222511              0.00000           0.02550           0.02413
    0.0032672362              0.00000           0.02620           0.02479
    0.0033127871              0.00000           0.02692           0.02547
    0.0033589109              0.00000           0.02765           0.02617
    0.0034056150              0.00000           0.02841           0.02688
    0.0034529065              0.00000           0.02918           0.02762
    0.0035007928              0.00000           0.02998           0.02837
    0.0035492815              0.00000           0.03079           0.02914
    0.0035983801              0.00000           0.03163           0.02993
    0.0036480962              0.00000           0.03249           0.03074
    0.0036984378              0.00000           0.03337           0.03158
    0.0037494125              0.00000           0.03427           0.03243
    0.0038010284              0.00000           0.03519           0.03330
    0.0038532936              0.00000           0.03614           0.03420
    0.0039062162              0.00000           0.03711           0.03512
    0.0039598045              0.00000           0.03811           0.03606
    0.0040140668              0.00000           0.03913           0.03703
    0.0040690117              0.00000           0.04018           0.03802
    0.0041246477              0.00000           0.04125           0.03904
    0.0041809835              0.00000           0.04236           0.04008
    0.0042380279              0.00000           0.04348           0.04115
    0.0042957898              0.00000           0.04464           0.04225
    0.0043542783              0.00000           0.04583           0.04337
    0.0044135025              0.00000           0.04704           0.04452
    0.0044734717              0.00000           0.04829           0.04570
    0.0045341952              0.00000           0.04957           0.04691
    0.0045956824              0.00000           0.05088           0.04815
    0.0046579431              0.00000           0.05222           0.04942
    0.0047209870              0.00000           0.05360           0.05072
    0.0047848238              0.00000           0.05501           0.05205
    0.0048494636              0.00000           0.05645           0.05342
    0.0049149165              0.00000           0.05793           0.05482
    0.0049811926              0.00000           0.05945           0.05626
    0.0050483024              0.00000           0.06101           0.05773
    0.0051162564              0.00000           0.06260           0.05924
    0.0051850651              0.00000           0.06423           0.06079
    0.0052547393              0.00000           0.06591           0.06237
    0.0053252899              0.00000           0.06762           0.06399
    0.0053967279              0.00000           0.06938           0.06565
    0.0054690645              0.00000           0.07118           0.06736
    0.0055423110              0.00000           0.07302           0.06910
    0.0056164788              0.00000           0.07491           0.07089
    0.0056915796              0.00000           0.07685           0.07272
    0.0057676250              0.00000           0.07883           0.07460
    0.0058446269              0.00000           0.08086           0.07652
    0.0059225973              0.00000           0.08295           0.07849
    0.0060015486              0.00000           0.08508           0.08051
    0.0060814929              0.00000           0.08726           0.08258
    0.0061624428              0.00000           0.08950           0.08470
    0.0062444109              0.00000           0.09179           0.08686
    0.0063274100              0.00000           0.09414           0.08908
    0.0064114532              0.00000           0.09654           0.09136
    0.0064965534              0.00000           0.09900           0.09369
    0.0065827242              0.00000           0.10152           0.09608
    0.0066699788              0.00000           0.10411           0.09852
    0.0067583309              0.00000           0.10675           0.10102
    0.0068477943              0.00000           0.10946           0.10358
    0.0069383831              0.00000           0.11223           0.10621
    0.0070301114              0.00000           0.11507           0.10890
    0.0071229934              0.00000           0.11798           0.11165
    0.0072170437              0.00000           0.12096           0.11446
    0.0073122771              0.00000           0.12400           0.11735
    0.0074087084              0.00000           0.12712           0.12030
    0.0075063526              0.00000           0.13032           0.12332
    0.0076052250              0.00000           0.13359           0.12642
    0.0077053410              0.00000           0.13694           0.12959
    0.0078067164              0.00000           0.14037           0.13283
    0.0079093670              0.00000           0.14387           0.13615
    0.0080133087              0.00000           0.14747           0.13955
    0.0081185578              0.00000           0.15114           0.14303
    0.0082251308              0.00000           0.15491           0.14659
    0.0083330443              0.00000           0.15876           0.15024
    0.0084423153              0.00000           0.16270           0.15397
    0.0085529606              0.00000           0.16673           0.15779
    0.0086649978              0.00000           0.17086           0.16169
    0.0087784441              0.00000           0.17509           0.16569
    0.0088933175              0.00000           0.17941           0.16979
    0.0090096358              0.00000           0.18384           0.17397
    0.0091274172              0.00000           0.18836           0.17826
    0.0092466801              0.00000           0.19300           0.18264
    0.0093674431              0.00000           0.19774           0.18713
    0.0094897252              0.00000           0.20259           0.19172
    0.0096135453              0.00000           0.20755           0.19641
    0.0097389230              0.00000           0.21262           0.20122
    0.0098658777              0.00000           0.21782           0.20613
    0.0099944293              0.00000           0.22313           0.21116
    0.0101245978              0.00000           0.22856           0.21630
    0.0102564037              0.00000           0.23412           0.22156
    0.0103898675              0.00000           0.23980           0.22694
    0.0105250101              0.00000           0.24562           0.23244
    0.0106618525              0.00000           0.25157           0.23807
    0.0108004163              0.00000           0.25765           0.24383
    0.0109407229              0.00000           0.26387           0.24971
    0.0110827944              0.00000           0.27023           0.25573
    0.0112266529              0.00000           0.27673           0.26189
    0.0113723209              0.00000           0.28338           0.26818
    0.0115198212              0.00000           0.29018           0.27462
    0.0116691769              0.00000           0.29713           0.28120
    0.0118204112              0.00000           0.30424           0.28792
    0.0119735478              0.00000           0.31151           0.29480
    0.0121286106              0.00000           0.31894           0.30183
    0.0122856238              0.00000           0.32653           0.30902
    0.0124446121              0.00000           0.33429           0.31637
    0.0126056002              0.00000           0.34223           0.32387
    0.0127686132              0.00000           0.35034           0.33155
    0.0129336767              0.00000           0.35863           0.33939
    0.0131008165              0.00000           0.36710           0.34741
    0.0132700586              0.00000           0.37575           0.35560
    0.0134414295              0.00000           0.38460           0.36398
    0.0136149560              0.00000           0.39364           0.37253
    0.0137906652              0.00000           0.40287           0.38127
    0.0139685845              0.00000           0.41231           0.39020
    0.0141487418              0.00000           0.42195           0.39933
    0.0143311652              0.00000           0.43180           0.40865
    0.0145158832              0.00000           0.44186           0.41817
    0.0147029246              0.00000           0.45214           0.42790
    0.0148923188              0.00000           0.46263           0.43783
    0.0150840952              0.00000           0.47336           0.44798
    0.0152782839              0.00000           0.48431           0.45835
    0.0154749152              0.00000           0.49549           0.46893
    0.0156740198              0.00000           0.50691           0.47974
    0.0158756288              0.00000           0.51857           0.49078
    0.0160797737              0.00000           0.53048           0.50205
    0.0162864865              0.00000           0.54264           0.51356
    0.0164957994              0.00000           0.55505           0.52531
    0.0167077452              0.00000           0.56772           0.53730
    0.0169223568              0.00000           0.58066           0.54955
    0.0171396680              0.00000           0.59387           0.56204
    0.0173597126              0.00000           0.60734           0.57480
    0.0175825250              0.00000           0.62110           0.58782
    0.0178081401              0.00000           0.63514           0.60111
    0.0180365931              0.00000           0.64946           0.61467
    0.0182679196              0.00000           0.66408           0.62851
    0.0185021559              0.00000           0.67900           0.64262
    0.0187393385              0.00000           0.69421           0.65703
    0.0189795044              0.00000           0.70974           0.67172
    0.0192226913              0.00000           0.72558           0.68672
    0.0194689372              0.00000           0.74173           0.70201
    0.0197182804              0.00000           0.75821           0.71761
    0.0199707599              0.00000           0.77501           0.73351
    0.0202264153              0.00000           0.79215           0.74974
    0.0204852864              0.00000           0.80963           0.76628
    0.0207474137              0.00000           0.82745           0.78315
    0.0210128381              0.00000           0.84562           0.80035
    0.0212816012              0.00000           0.86414           0.81789
    0.0215537450              0.00000           0.88303           0.83576
    0.0218293118              0.00000           0.90227           0.85399
    0.0221083449              0.00000           0.92189           0.87256
    0.0223908877              0.00000           0.94189           0.89149
    0.0226769846              0.00000           0.96226           0.91078
    0.0229666800              0.00000           0.98303           0.93043
    0.0232600194              0.00000           1.00418           0.95046
    0.0235570486              0.00000           1.02573           0.97087
    0.0238578139              0.00000           1.04769           0.99165
    0.0241623624              0.00000           1.07005           1.01283
    0.0244707416              0.00000           1.09283           1.03439
    0.0247829998              0.00000           1.11603           1.05636
    0.0250991857              0.00000           1.13966           1.07873
    0.0254193487              0.00000           1.16371           1.10150
    0.0257435388              0.00000           1.18820           1.12469
    0.0260718068              0.00000           1.21313           1.14830
    0.0264042039              0.00000           1.23851           1.17233
    0.0267407820              0.00000           1.26435           1.19679
    0.0270815938              0.00000           1.29064           1.22168
    0.0274266924              0.00000           1.31739           1.24701
    0.0277761319              0.00000           1.34461           1.27279
    0.0281299667              0.00000           1.37230           1.29901
    0.0284882523              0.00000           1.40048           1.32569
    0.0288510445              0.00000           1.42913           1.35283
    0.0292184001              0.00000           1.45828           1.38043
    0.0295903764              0.00000           1.48791           1.40849
    0.0299670317              0.00000           1.51805           1.43703
    0.0303484246              0.00000           1.54869           1.46605
    0.0307346150              0.00000           1.57984           1.49555
    0.0311256629              0.00000           1.61150           1.52553
    0.0315216297              0.00000           1.64367           1.55601
    0.0319225771              0.00000           1.67637           1.58698
    0.0323285678              0.00000           1.70959           1.61844
    0.0327396653              0.00000           1.74335           1.65041
    0.0331559337              0.00000           1.77763           1.68289
    0.0335774381              0.00000           1.81246           1.71587
    0.0340042444              0.00000           1.84782           1.74937
    0.0344364193              0.00000           1.88373           1.78339
    0.0348740303              0.00000           1.92018           1.81792
    0.0353171457              0.00000           1.95719           1.85298
    0.0357658348              0.00000           1.99475           1.88856
    0.0362201677              0.00000           2.03286           1.92467
    0.0366802155              0.00000           2.07154           1.96131
    0.0371460499              0.00000           2.11077           1.99848
    0.0376177438              0.00000           2.15057           2.03619
    0.0380953709              0.00000           2.19094           2.07443
    0.0385790058              0.00000           2.23186           2.11322
    0.0390687241              0.00000           2.27336           2.15254
    0.0395646023              0.00000           2.31543           2.19240
    0.0400667178              0.00000           2.35806           2.23280
    0.0405751492              0.00000           2.40127           2.27375
    0.0410899759              0.00000           2.44504           2.31524
    0.0416112783              0.00000           2.48939           2.35726
    0.0421391379              0.00000           2.53430           2.39983
    0.0426736371              0.00000           2.57978           2.44294
    0.0432148595              0.00000           2.62583           2.48659
    0.0437628896              0.00000           2.67244           2.53078
    0.0443178132              0.00000           2.71962           2.57550
    0.0448797167              0.00000           2.76736           2.62076
    0.0454486882              0.00000           2.81565           2.66655
    0.0460248165              0.00000           2.86450           2.71286
    0.0466081915              0.00000           2.91390           2.75970
    0.0471989045              0.00000           2.96385           2.80707
    0.0477970478              0.00000           3.01434           2.85494
    0.0484027147              0.00000           3.06537           2.90334
    0.0490160001              0.00000           3.11693           2.95223
    0.0496369996              0.00000           3.16901           3.00163
    0.0502658103              0.00000           3.22161           3.05153
    0.0509025305              0.00000           3.27473           3.10191
    0.0515472596              0.00000           3.32834           3.15278
    0.0522000984              0.00000           3.38246           3.20412
    0.0528611490              0.00000           3.43706           3.25593
    0.0535305145              0.00000           3.49214           3.30819
    0.0542082996              0.00000           3.54768           3.36090
    0.0548946102              0.00000           3.60368           3.41405
    0.0555895535              0.00000           3.66013           3.46762
    0.0562932381              0.00000           3.71701           3.52162
    0.0570057740              0.00000           3.77432           3.57601
    0.0577272725              0.00000           3.83203           3.63080
    0.0584578463              0.00000           3.89013           3.68597
    0.0591976096              0.00000           3.94862           3.74151
    0.0599466780              0.00000           4.00747           3.79740
    0.0607051685              0.00000           4.06666           3.85362
    0.0614731997              0.00000           4.12619           3.91017
    0.0622508915              0.00000           4.18604           3.96702
    0.0630383654              0.00000           4.24618           4.02416
    0.0638357446              0.00000           4.30659           4.08157
    0.0646431535              0.00000           4.36727           4.13923
    0.0654607184              0.00000           4.42818           4.19713
    0.0662885670              0.00000           4.48931           4.25523
    0.0671268287              0.00000           4.55063           4.31354
    0.0679756343              0.00000           4.61213           4.37201
    0.0688351167              0.00000           4.67377           4.43063
    0.0697054100              0.00000           4.73554           4.48938
    0.0705866502              0.00000           4.79740           4.54823
    0.0714789751              0.00000           4.85934           4.60717
    0.0723825241              0.00000           4.92132           4.66615
    0.0732974383              0.00000           4.98333           4.72517
    0.0742238607              0.00000           5.04532           4.78418
    0.0751619360              0.00000           5.10727           4.84317
    0.0761118109              0.00000           5.16916           4.90211
    0.0770736338              0.00000           5.23094           4.96097
    0.0780475548              0.00000           5.29260           5.01971
    0.0790337264              0.00000           5.35409           5.07831
    0.0800323024              0.00000           5.41539           5.13674
    0.0810434389              0.00000           5.47645           5.19496
    0.0820672940              0.00000           5.53726           5.25295
    0.0831040276              0.00000           5.59776           5.31066
    0.0841538017              0.00000           5.65792           5.36807
    0.0852167804              0.00000           5.71772           5.42514
    0.0862931296              0.00000           5.77710           5.48184
    0.0873830177              0.00000           5.83604           5.53813
    0.0884866149              0.00000           5.89449           5.59397
    0.0896040936              0.00000           5.95241           5.64933
    0.0907356285              0.00000           6.00977           5.70416
    0.0918813963              0.00000           6.06652           5.75844
    0.0930415761              0.00000           6.12263           5.81211
    0.0942163492              0.00000           6.17804           5.86515
    0.0954058991              0.00000           6.23272           5.91751
    0.0966104117              0.00000           6.28663           5.96915
    0.0978300752              0.00000           6.33972           6.02003
    0.0990650802              0.00000           6.39195           6.07012
    0.1003156196              0.00000           6.44327           6.11936
    0.1015818889              0.00000           6.49365           6.16771
    0.1028640859              0.00000           6.54303           6.21514
    0.1041624110              0.00000           6.59137           6.26160
    0.1054770669              0.00000           6.63863           6.30705
    0.1068082592              0.00000           6.68476           6.35144
    0.1081561959              0.00000           6.72972           6.39473
    0.1095210875              0.00000           6.77346           6.43689
    0.1109031473              0.00000           6.81594           6.47786
    0.1123025913              0.00000           6.85710           6.51760
    0.1137196381              0.00000           6.89691           6.55607
    0.1151545092              0.00000           6.93532           6.59323
    0.1166074287              0.00000           6.97229           6.62903
    0.1180786237              0.00000           7.00777           6.66343
    0.1195683241              0.00000           7.04172           6.69639
    0.1210767626              0.00000           7.07410           6.72787
    0.1226041749              0.00000           7.10485           6.75782
    0.1241507997              0.00000           7.13395           6.78621
    0.1257168786              0.00000           7.16134           6.81298
    0.1273026564              0.00000           7.18699           6.83811
    0.1289083808              0.00000           7.21085           6.86156
    0.1305343028              0.00000           7.23289           6.88327
    0.1321806763              0.00000           7.25307           6.90323
    0.1338477587              0.00000           7.27136           6.92138
    0.1355358103              0.00000           7.28770           6.93770
    0.1372450951              0.00000           7.30208           6.95214
    0.1389758800              0.00000           7.31446           6.96468
    0.1407284355              0.00000           7.32479           6.97528
    0.1425030354              0.00000           7.33306           6.98391
    0.1442999571              0.00000           7.33924           6.99054
    0.1461194812              0.00000           7.34329           6.99514
    0.1479618921              0.00000           7.34519           6.99768
    0.1498274777              0.00000           7.34491           6.99813
    0.1517165295              0.00000           7.34244           6.99648
    0.1536293427              0.00000           7.33774           6.99270
    0.1555662160              0.00000           7.33082           6.98676
    0.1575274523              0.00000           7.32163           6.97865
    0.1595133578              0.00000           7.31018           6.96835
    0.1615242430              0.00000           7.29645           6.95584
    0.1635604220              0.00000           7.28043           6.94111
    0.1656222129              0.00000           7.26211           6.92415
    0.1677099380              0.00000           7.24148           6.90495
    0.1698239235              0.00000           7.21855           6.88350
    0.1719644996              0.00000           7.19332           6.85980
    0.1741320009              0.00000           7.16578           6.83384
    0.1763267659              0.00000           7.13594           6.80562
    0.1785491377              0.00000           7.10382           6.77514
    0.1807994635              0.00000           7.06941           6.74241
    0.1830780949              0.00000           7.03274           6.70743
    0.1853853880              0.00000           6.99382           6.67022
    0.1877217032              0.00000           6.95268           6.63078
    0.1900874057              0.00000           6.90932           6.58913
    0.1924828651              0.00000           6.86379           6.54528
    0.1949084556              0.00000           6.81610           6.49925
    0.1973645563              0.00000           6.76630           6.45107
    0.1998515509              0.00000           6.71440           6.40076
    0.2023698281              0.00000           6.66046           6.34834
    0.2049197813              0.00000           6.60451           6.29384
    0.2075018089              0.00000           6.54660           6.23731
    0.2101163145              0.00000           6.48677           6.17876
    0.2127637065              0.00000           6.42508           6.11825
    0.2154443986              0.00000           6.36157           6.05580
    0.2181588096              0.00000           6.29631           5.99147
    0.2209073638              0.00000           6.22935           5.92529
    0.2236904905              0.00000           6.16075           5.85731
    0.2265086246              0.00000           6.09059           5.78759
    0.2293622065              0.00000           6.01892           5.71617
    0.2322516820              0.00000           5.94582           5.64312
    0.2351775026              0.00000           5.87136           5.56848
    0.2381401256              0.00000           5.79561           5.49231
    0.2411400137              0.00000           5.71866           5.41469
    0.2441776358              0.00000           5.64059           5.33566
    0.2472534665              0.00000           5.56148           5.25530
    0.2503679864              0.00000           5.48141           5.17367
    0.2535216821              0.00000           5.40047           5.09084
    0.2567150464              0.00000           5.31875           5.00688
    0.2599485783              0.00000           5.23635           4.92187
    0.2632227830              0.00000           5.15336           4.83587
    0.2665381722              0.00000           5.06986           4.74897
    0.2698952638              0.00000           4.98596           4.66123
    0.2732945824              0.00000           4.90176           4.57274
    0.2767366592              0.00000           4.81735           4.48358
    0.2802220320              0.00000           4.73283           4.39382
    0.2837512453              0.00000           4.64831           4.30354
    0.2873248508              0.00000           4.56388           4.21282
    0.2909434066              0.00000           4.47964           4.12175
    0.2946074783              0.00000           4.39570           4.03040
    0.2983176383              0.00000           4.31216           3.93886
    0.3020744663              0.00000           4.22912           3.84721
    0.3058785495              0.00000           4.14668           3.75552
    0.3097304821              0.00000           4.06494           3.66388
    0.3136308661              0.00000           3.98400           3.57238
    0.3175803109              0.00000           3.90397           3.48108
    0.3215794336              0.00000           3.82493           3.39007
    0.3256288590              0.00000           3.74699           3.29942
    0.3297292200              0.00000           3.67023           3.20922
    0.3338811571              0.00000           3.59476           3.11953
    0.3380853192              0.00000           3.52067           3.03044
    0.3423423631              0.00000           3.44804           2.94201
    0.3466529541              0.00000           3.37695           2.85431
    0.3510177656              0.00000           3.30750           2.76742
    0.3554374796              0.00000           3.23977           2.68140
    0.3599127869              0.00000           3.17383           2.59632
    0.3644443866              0.00000           3.10976           2.51223
    0.3690329867              0.00000           3.04763           2.42921
    0.3736793044              0.00000           2.98751           2.34730
    0.3783840655              0.00000           2.92947           2.26657
    0.3831480053              0.00000           2.87356           2.18707
    0.3879718680              0.00000           2.81984           2.10884
    0.3928564075              0.00000           2.76837           2.03194
    0.3978023869              0.00000           2.71920           1.95641
    0.4028105791              0.00000           2.67236           1.88229
    0.4078817666              0.00000           2.62791           1.80962
    0.4130167417              0.00000           2.58587           1.73844
    0.4182163069              0.00000           2.54628           1.66878
    0.4234812746              0.00000           2.50916           1.60067
    0.4288124674              0.00000           2.47453           1.53413
    0.4342107184              0.00000           2.44242           1.46919
    0.4396768710              0.00000           2.41283           1.40587
    0.4452117793              0.00000           2.38577           1.34419
    0.4508163082              0.00000           2.36123           1.28416
    0.4564913334              0.00000           2.33923           1.22580
    0.4622377417              0.00000           2.31975           1.16910
    0.4680564308              0.00000           2.30277           1.11407
    0.4739483101              0.00000           2.28828           1.06073
    0.4799143001              0.00000           2.27625           1.00906
    0.4859553329              0.00000           2.26666           0.95906
    0.4920723527              0.00000           2.25947           0.91073
    0.4982663150              0.00000           2.25465           0.86406
    0.5045381879              0.00000           2.25215           0.81903
    0.5108889511              0.00000           2.25193           0.77563
    0.5173195972              0.00000           2.25394           0.73385
    0.5238311308              0.00000           2.25811           0.69367
    0.5304245694              0.00000           2.26439           0.65506
    0.5371009433              0.00000           2.27272           0.61800
    0.5438612956              0.00000           2.28302           0.58247
    0.5507066826              0.00000           2.29523           0.54844
    0.5576381741              0.00000           2.30927           0.51589
    0.5646568530              0.00000           2.32506           0.48477
    0.5717638159              0.00000           2.34251           0.45507
    0.5789601735              0.00000           2.36155           0.42674
    0.5862470501              0.00000           2.38208           0.39976
    0.5936255844              0.00000           2.40401           0.37409
    0.6010969291              0.00000           2.42726           0.34969
    0.6086622519              0.00000           2.45171           0.32653
    0.6163227346              0.00000           2.47728           0.30456
    0.6240795744              0.00000           2.50386           0.28376
    0.6319339832              0.00000           2.53136           0.26409
    0.6398871883              0.00000           2.55966           0.24550
    0.6479404324              0.00000           2.58868           0.22795
    0.6560949739              0.00000           2.61829           0.21141
    0.6643520868              0.00000           2.64840           0.19584
    0.6727130615              0.00000           2.67890           0.18121
    0.6811792043              0.00000           2.70968           0.16746
    0.6897518380              0.00000           2.74064           0.15457
    0.6984323022              0.00000           2.77168           0.14249
    0.7072219532              0.00000           2.80268           0.13120
    0.7161221644              0.00000           2.83354           0.12064
    0.7251343264              0.00000           2.86416           0.11080
    0.7342598475              0.00000           2.89443           0.10162
    0.7435001536              0.00000           2.92426           0.09308
    0.7528566883              0.00000           2.95355           0.08515
    0.7623309138              0.00000           2.98220           0.07779
    0.7719243104              0.00000           3.01012           0.07097
    0.7816383771              0.00000           3.03720           0.06466
    0.7914746317              0.00000           3.06337           0.05883
    0.8014346111              0.00000           3.08854           0.05344
    0.8115198716              0.00000           3.11261           0.04849
    0.8217319891              0.00000           3.13552           0.04392
    0.8320725592              0.00000           3.15718           0.03973
    0.8425431977              0.00000           3.17751           0.03589
    0.8531455406              0.00000           3.19646           0.03237
    0.8638812446              0.00000           3.21394           0.02915
    0.8747519871              0.00000           3.22991           0.02621
    0.8857594667              0.00000           3.24429           0.02353
    0.8969054034              0.00000           3.25703           0.02110
    0.9081915386              0.00000           3.26809           0.01888
    0.9196196360              0.00000           3.27741           0.01687
    0.9311914812              0.00000           3.28495           0.01505
    0.9429088822              0.00000           3.29068           0.01340
    0.9547736700              0.00000           3.29457           0.01192
    0.9667876985              0.00000           3.29658           0.01058
    0.9789528448              0.00000           3.29669           0.00938
    0.9912710099              0.00000           3.29488           0.00829
    1.0037441183              0.00000           3.29113           0.00733
    1.0163741192              0.00000           3.28544           0.00646
    1.0291629859              0.00000           3.27780           0.00568
    1.0421127168              0.00000           3.26821           0.00499
    1.0552253353              0.00000           3.25667           0.00438
    1.0685028901              0.00000           3.24319           0.00383
    1.0819474561              0.00000           3.22777           0.00335
    1.0955611338              0.00000           3.21045           0.00292
    1.1093460506              0.00000           3.19123           0.00254
    1.1233043603              0.00000           3.17014           0.00221
    1.1374382438              0.00000           3.14720           0.00191
    1.1517499098              0.00000           3.12246           0.00165
    1.1662415943              0.00000           3.09595           0.00143
    1.1809155618              0.00000           3.06770           0.00123
    1.1957741051              0.00000           3.03776           0.00106
    1.2108195459              0.00000           3.00617           0.00091
    1.2260542350              0.00000           2.97299           0.00078
    1.2414805529              0.00000           2.93826           0.00066
    1.2571009100              0.00000           2.90204           0.00057
    1.2729177470              0.00000           2.86439           0.00048
    1.2889335353              0.00000           2.82537           0.00041
    1.3051507775              0.00000           2.78503           0.00035
    1.3215720074              0.00000           2.74345           0.00029
    1.3381997910              0.00000           2.70069           0.00025
    1.3550367263              0.00000           2.65682           0.00021
    1.3720854442              0.00000           2.61191           0.00017
    1.3893486086              0.00000           2.56602           0.00015
    1.4068289169              0.00000           2.51922           0.00012
    1.4245291004              0.00000           2.47160           0.00010
    1.4424519248              0.00000           2.42322           0.00008
    1.4606001905              0.00000           2.37416           0.00007
    1.4789767334              0.00000           2.32449           0.00006
    1.4975844247              0.00000           2.27428           0.00005
    1.5164261719              0.00000           2.22360           0.00004
    1.5355049191              0.00000           2.17254           0.00003
    1.5548236475              0.00000           2.12116           0.00003
    1.5743853755              0.00000           2.06953           0.00002
    1.5941931598              0.00000           2.01773           0.00002
    1.6142500953              0.00000           1.96582           0.00001
    1.6345593160              0.00000           1.91388           0.00001
    1.6551239953              0.00000           1.86197           0.00001
    1.6759473464              0.00000           1.81016           0.00001
    1.6970326230              0.00000           1.75851           0.00001
    1.7183831197              0.00000           1.70709           0.00000
    1.7400021726              0.00000           1.65595           0.00000
    1.7618931598              0.00000           1.60516           0.00000
    1.7840595016              0.00000           1.55477           0.00000
    1.8065046617              0.00000           1.50484           0.00000
    1.8292321472              0.00000           1.45542           0.00000
    1.8522455093              0.00000           1.40656           0.00000
    1.8755483438              0.00000           1.35831           0.00000
    1.8991442918              0.00000           1.31071           0.00000
    1.9230370404              0.00000           1.26381           0.00000
    1.9472303228              0.00000           1.21764           0.00000
    1.9717279191              0.00000           1.17225           0.00000
    1.9965336573              0.00000           1.12767           0.00000
    2.0216514133              0.00000           1.08393           0.00000
    2.0470851118              0.00000           1.04105           0.00000
    2.0728387268              0.00000           0.99908           0.00000
    2.0989162824              0.00000           0.95803           0.00000
    2.1253218532              0.00000           0.91793           0.00000
    2.1520595653              0.00000           0.87878           0.00000
    2.1791335964              0.00000           0.84062           0.00000
    2.2065481768              0.00000           0.80345           0.00000
    2.2343075903              0.00000           0.76729           0.00000
    2.2624161742              0.00000           0.73214           0.00000
    2.2908783205              0.00000           0.69802           0.00000
    2.3196984766              0.00000           0.66492           0.00000
    2.3488811456              0.00000           0.63285           0.00000
    2.3784308873              0.00000           0.60181           0.00000
    2.4083523191              0.00000           0.57180           0.00000
    2.4386501162              0.00000           0.54281           0.00000
    2.4693290126              0.00000           0.51483           0.00000
    2.5003938021              0.00000           0.48787           0.00000
    2.5318493385              0.00000           0.46191           0.00000
    2.5637005368              0.00000           0.43693           0.00000
    2.5959523739              0.00000           0.41293           0.00000
    2.6286098892              0.00000           0.38990           0.00000
    2.6616781854              0.00000           0.36781           0.00000
    2.6951624296              0.00000           0.34665           0.00000
    2.7290678537              0.00000           0.32640           0.00000
    2.7633997556              0.00000           0.30705           0.00000
    2.7981634996              0.00000           0.28857           0.00000
    2.8333645177              0.00000           0.27094           0.00000
    2.8690083101              0.00000           0.25414           0.00000
    2.9051004463              0.00000           0.23816           0.00000
    2.9416465656              0.00000           0.22296           0.00000
    2.9786523785              0.00000           0.20853           0.00000
    3.0161236672              0.00000           0.19483           0.00000
    3.0540662867              0.00000           0.18186           0.00000
    3.0924861656              0.00000           0.16957           0.00000
    3.1313893071              0.00000           0.15795           0.00000
    3.1707817899              0.00000           0.14698           0.00000
    3.2106697691              0.00000           0.13663           0.00000
    3.2510594773              0.00000           0.12687           0.00000
    3.2919572256              0.00000           0.11769           0.00000
    3.3333694041              0.00000           0.10906           0.00000
    3.3753024837              0.00000           0.10095           0.00000
    3.4177630166              0.00000           0.09334           0.00000
    3.4607576372              0.00000           0.08621           0.00000
    3.5042930636              0.00000           0.07953           0.00000
    3.5483760982              0.00000           0.07330           0.00000
    3.5930136291              0.00000           0.06747           0.00000
    3.6382126310              0.00000           0.06204           0.00000
    3.6839801664              0.00000           0.05698           0.00000
    3.7303233866              0.00000           0.05227           0.00000
    3.7772495326              0.00000           0.04789           0.00000
    3.8247659370              0.00000           0.04383           0.00000
    3.8728800241              0.00000           0.04007           0.00000
    3.9215993119              0.00000           0.03658           0.00000
    3.9709314129              0.00000           0.03336           0.00000
    4.0208840354              0.00000           0.03038           0.00000
    4.0714649845              0.00000           0.02764           0.00000
    4.1226821636              0.00000           0.02511           0.00000
    4.1745435756              0.00000           0.02278           0.00000
    4.2270573238              0.00000           0.02065           0.00000
    4.2802316136              0.00000           0.01869           0.00000
    4.3340747537              0.00000           0.01689           0.00000
    4.3885951570              0.00000           0.01525           0.00000
    4.4438013427              0.00000           0.01374           0.00000
    4.4997019367              0.00000           0.01237           0.00000
    4.5563056735              0.00000           0.01112           0.00000
    4.6136213978              0.00000           0.00998           0.00000
    4.6716580651              0.00000           0.00895           0.00000
    4.7304247438              0.00000           0.00801           0.00000
    4.7899306163              0.00000           0.00716           0.00000
    4.8501849806              0.00000           0.00639           0.00000
    4.9111972514              0.00000           0.00570           0.00000
    4.9729769622              0.00000           0.00507           0.00000
    5.0355337661              0.00000           0.00451           0.00000
    5.0988774376              0.00000           0.00400           0.00000
    5.1630178745              0.00000           0.00354           0.00000
    5.2279650988              0.00000           0.00313           0.00000
    5.2937292586              0.00000           0.00277           0.00000
    5.3603206296              0.00000           0.00244           0.00000
    5.4277496170              0.00000           0.00215           0.00000
    5.4960267567              0.00000           0.00189           0.00000
    5.5651627170              0.00000           0.00166           0.00000
    5.6351683007              0.00000           0.00145           0.00000
    5.7060544462              0.00000           0.00127           0.00000
    5.7778322297              0.00000           0.00111           0.00000
    5.8505128665              0.00000           0.00097           0.00000
    5.9241077132              0.00000           0.00084           0.00000
    5.9986282692              0.00000           0.00073           0.00000
    6.0740861783              0.00000           0.00063           0.00000
    6.1504932310              0.00000           0.00055           0.00000
    6.2278613662              0.00000           0.00047           0.00000
    6.3062026727              0.00000           0.00041           0.00000
    6.3855293916              0.00000           0.00035           0.00000
    6.4658539177              0.00000           0.00030           0.00000
    6.5471888020              0.00000           0.00026           0.00000
    6.6295467532              0.00000           0.00022           0.00000
    6.7129406399              0.00000           0.00019           0.00000
    6.7973834926              0.00000           0.00016           0.00000
    6.8828885056              0.00000           0.00014           0.00000
    6.9694690392              0.00000           0.00012           0.00000
    7.0571386219              0.00000           0.00010           0.00000
    7.1459109522              0.00000           0.00008           0.00000
    7.2357999010              0.00000           0.00007           0.00000
    7.3268195135              0.00000           0.00006           0.00000
    7.4189840118              0.00000           0.00005           0.00000
    7.5123077968              0.00000           0.00004           0.00000
    7.6068054505              0.00000           0.00003           0.00000
    7.7024917384              0.00000           0.00003           0.00000
    7.7993816116              0.00000           0.00002           0.00000
    7.8974902093              0.00000           0.00002           0.00000
    7.9968328614              0.00000           0.00002           0.00000
    8.0974250901              0.00000           0.00001           0.00000
    8.1992826133              0.00000           0.00001           0.00000
    8.3024213465              0.00000           0.00001           0.00000
    8.4068574052              0.00000           0.00001           0.00000
    8.5126071078              0.00000           0.00001           0.00000
    8.6196869779              0.00000           0.00000           0.00000
    8.7281137470              0.00000           0.00000           0.00000
    8.8379043569              0.00000           0.00000           0.00000
    8.9490759627              0.00000           0.00000           0.00000
    9.0616459351              0.00000           0.00000           0.00000
    9.1756318635              0.00000           0.00000           0.00000
    9.2910515584              0.00000           0.00000           0.00000
    9.4079230543              0.00000           0.00000           0.00000
    9.5262646127              0.00000           0.00000           0.00000
    9.6460947246              0.00000           0.00000           0.00000
    9.7674321138              0.00000           0.00000           0.00000
    9.8902957394              0.00000           0.00000           0.00000
   10.0147047992              0.00000           0.00000           0.00000
   10.1406787324              0.00000           0.00000           0.00000
   10.2682372225              0.00000           0.00000           0.00000
   10.3974002009              0.00000           0.00000           0.00000
   10.5281878496              0.00000           0.00000           0.00000
   10.6606206044              0.00000           0.00000           0.00000
   10.7947191582              0.00000           0.00000           0.00000
   10.9305044642              0.00000           0.00000           0.00000
   11.0679977390              0.00000           0.00000           0.00000
   11.2072204663              0.00000           0.00000           0.00000
   11.3481944000              0.00000           0.00000           0.00000
   11.4909415675              0.00000           0.00000           0.00000
   11.6354842733              0.00000           0.00000           0.00000
   11.7818451025              0.00000           0.00000           0.00000
   11.9300469243              0.00000           0.00000           0.00000
   12.0801128955              0.00000           0.00000           0.00000
   12.2320664643              0.00000           0.00000           0.00000
   12.3859313737              0.00000           0.00000           0.00000
   12.5417316654              0.00000           0.00000           0.00000
   12.6994916835              0.00000           0.00000           0.00000
   12.8592360783              0.00000           0.00000           0.00000
   13.0209898103              0.00000           0.00000           0.00000
   13.1847781538              0.00000           0.00000           0.00000
   13.3506267010              0.00000           0.00000           0.00000
   13.5185613661              0.00000           0.00000           0.00000
   13.6886083893              0.00000           0.00000           0.00000
   13.8607943407              0.00000           0.00000           0.00000
   14.0351461247              0.00000           0.00000           0.00000
   14.2116909843              0.00000           0.00000           0.00000
   14.3904565047              0.00000           0.00000           0.00000
   14.5714706186              0.00000           0.00000           0.00000
   14.7547616098              0.00000           0.00000           0.00000
   14.9403581178              0.00000           0.00000           0.00000
   15.1282891426              0.00000           0.00000           0.00000
   15.3185840486              0.00000           0.00000           0.00000
   15.5112725698              0.00000           0.00000           0.00000
   15.7063848143              0.00000           0.00000           0.00000
   15.9039512687              0.00000           0.00000           0.00000
   16.1040028031              0.00000           0.00000           0.00000
   16.3065706761              0.00000           0.00000           0.00000
   16.5116865393              0.00000           0.00000           0.00000
   16.7193824424              0.00000           0.00000           0.00000
   16.9296908384              0.00000           0.00000           0.00000
   17.1426445883              0.00000           0.00000           0.00000
   17.3582769667              0.00000           0.00000           0.00000
   17.5766216664              0.00000           0.00000           0.00000
   17.7977128044              0.00000           0.00000           0.00000
   18.0215849266              0.00000           0.00000           0.00000
   18.2482730134              0.00000           0.00000           0.00000
   18.4778124853              0.00000           0.00000           0.00000
   18.7102392084              0.00000           0.00000           0.00000
   18.9455894997              0.00000           0.00000           0.00000
   19.1839001333              0.00000           0.00000           0.00000
   19.4252083456              0.00000           0.00000           0.00000
   19.6695518415              0.00000           0.00000           0.00000
   19.9169688003              0.00000           0.00000           0.00000
   20.1674978813              0.00000           0.00000           0.00000
   20.4211782302              0.00000           0.00000           0.00000
   20.6780494851              0.00000           0.00000           0.00000
   20.9381517827              0.00000           0.00000           0.00000
   21.2015257643              0.00000           0.00000           0.00000
   21.4682125829              0.00000           0.00000           0.00000
   21.7382539086              0.00000           0.00000           0.00000
   22.0116919361              0.00000           0.00000           0.00000
   22.2885693906              0.00000           0.00000           0.00000
   22.5689295347              0.00000           0.00000           0.00000
   22.8528161753              0.00000           0.00000           0.00000
   23.1402736703              0.00000           0.00000           0.00000
   23.4313469354              0.00000           0.00000           0.00000
   23.7260814515              0.00000           0.00000           0.00000
   24.0245232714              0.00000           0.00000           0.00000
   24.3267190273              0.00000           0.00000           0.00000
   24.6327159378              0.00000           0.00000           0.00000
   24.9425618157              0.00000           0.00000           0.00000
   25.2563050749              0.00000           0.00000           0.00000
   25.5739947385              0.00000           0.00000           0.00000
   25.8956804461              0.00000           0.00000           0.00000
   26.2214124619              0.00000           0.00000           0.00000
   26.5512416820              0.00000           0.00000           0.00000
   26.8852196429              0.00000           0.00000           0.00000
   27.2233985295              0.00000           0.00000           0.00000
   27.5658311828              0.00000           0.00000           0.00000
   27.9125711086              0.00000           0.00000           0.00000
   28.2636724858              0.00000           0.00000           0.00000
   28.6191901747              0.00000           0.00000           0.00000
   28.9791797255              0.00000           0.00000           0.00000
   29.3436973875              0.00000           0.00000           0.00000
   29.7128001173              0.00000           0.00000           0.00000
   30.0865455878              0.00000           0.00000           0.00000
   30.4649921976              0.00000           0.00000           0.00000
   30.8481990798              0.00000           0.00000           0.00000
   31.2362261111              0.00000           0.00000           0.00000
   31.6291339217              0.00000           0.00000           0.00000
   32.0269839041              0.00000           0.00000           0.00000
   32.4298382233              0.00000           0.00000           0.00000
   32.8377598260              0.00000           0.00000           0.00000
   33.2508124508              0.00000           0.00000           0.00000
   33.6690606380              0.00000           0.00000           0.00000
   34.0925697398              0.00000           0.00000           0.00000
   34.5214059303              0.00000           0.00000           0.00000
   34.9556362160              0.00000           0.00000           0.00000
   35.3953284463              0.00000           0.00000           0.00000
   35.8405513241              0.00000           0.00000           0.00000
   36.2913744162              0.00000           0.00000           0.00000
   36.7478681648              0.00000           0.00000           0.00000
   37.2101038979              0.00000           0.00000           0.00000
   37.6781538407              0.00000           0.00000           0.00000
   38.1520911270              0.00000           0.00000           0.00000
   38.6319898106              0.00000           0.00000           0.00000
   39.1179248764              0.00000           0.00000           0.00000
   39.6099722530              0.00000           0.00000           0.00000
   40.1082088236              0.00000           0.00000           0.00000
   40.6127124388              0.00000           0.00000           0.00000
   41.1235619283              0.00000           0.00000           0.00000
   41.6408371133              0.00000           0.00000           0.00000
   42.1646188192              0.00000           0.00000           0.00000
   42.6949888878              0.00000           0.00000           0.00000
   43.2320301907              0.00000           0.00000           0.00000
   43.7758266416              0.00000           0.00000           0.00000
   44.3264632098              0.00000           0.00000           0.00000
   44.8840259334              0.00000           0.00000           0.00000
   45.4486019326              0.00000           0.00000           0.00000
   46.0202794238              0.00000           0.00000           0.00000
   46.5991477325              0.00000           0.00000           0.00000
   47.1852973082              0.00000           0.00000           0.00000
   47.7788197380              0.00000           0.00000           0.00000
   48.3798077608              0.00000           0.00000           0.00000
   48.9883552824              0.00000           0.00000           0.00000
   49.6045573895              0.00000           0.00000           0.00000
   50.2285103650              0.00000           0.00000           0.00000
   50.8603117027              0.00000           0.00000           0.00000
   51.5000601229              0.00000           0.00000           0.00000
   52.1478555876              0.00000           0.00000           0.00000
   52.8037993162              0.00000           0.00000           0.00000
   53.4679938012              0.00000           0.00000           0.00000
   54.1405428243              0.00000           0.00000           0.00000
   54.8215514727              0.00000           0.00000           0.00000
   55.5111261554              0.00000           0.00000           0.00000
   56.2093746198              0.00000           0.00000           0.00000
   56.9164059688              0.00000           0.00000           0.00000
   57.6323306772              0.00000           0.00000           0.00000
   58.3572606099              0.00000           0.00000           0.00000
   59.0913090387              0.00000           0.00000           0.00000
   59.8345906600              0.00000           0.00000           0.00000
   60.5872216132              0.00000           0.00000           0.00000
   61.3493194984              0.00000           0.00000           0.00000
   62.1210033949              0.00000           0.00000           0.00000
   62.9023938799              0.00000           0.00000           0.00000
   63.6936130472              0.00000           0.00000           0.00000
   64.4947845265              0.00000           0.00000           0.00000
   65.3060335024              0.00000           0.00000           0.00000
   66.1274867342              0.00000           0.00000           0.00000
   66.9592725757              0.00000           0.00000           0.00000
   67.8015209952              0.00000           0.00000           0.00000
   68.6543635955              0.00000           0.00000           0.00000
   69.5179336352              0.00000           0.00000           0.00000
   70.3923660487              0.00000           0.00000           0.00000
   71.2777974680              0.00000           0.00000           0.00000
   72.1743662435              0.00000           0.00000           0.00000
   73.0822124659              0.00000           0.00000           0.00000
   74.0014779880              0.00000           0.00000           0.00000
   74.9323064470              0.00000           0.00000           0.00000
   75.8748432865              0.00000           0.00000           0.00000
   76.8292357801              0.00000           0.00000           0.00000
   77.7956330534              0.00000           0.00000           0.00000
   78.7741861080              0.00000           0.00000           0.00000
   79.7650478447              0.00000           0.00000           0.00000
   80.7683730878              0.00000           0.00000           0.00000
   81.7843186088              0.00000           0.00000           0.00000
   82.8130431513              0.00000           0.00000           0.00000
   83.8547074556              0.00000           0.00000           0.00000
   84.9094742840              0.00000           0.00000           0.00000
   85.9775084457              0.00000           0.00000           0.00000
   87.0589768234              0.00000           0.00000           0.00000
   88.1540483987              0.00000           0.00000           0.00000
   89.2628942787              0.00000           0.00000           0.00000
   90.3856877229              0.00000           0.00000           0.00000
   91.5226041700              0.00000           0.00000           0.00000
   92.6738212655              0.00000           0.00000           0.00000
   93.8395188895              0.00000           0.00000           0.00000
   95.0198791846              0.00000           0.00000           0.00000
   96.2150865844              0.00000           0.00000           0.00000
   97.4253278426              0.00000           0.00000           0.00000
   98.6507920619              0.00000           0.00000           0.00000
   99.8916707234              0.00000           0.00000           0.00000
  101.1481577170              0.00000           0.00000           0.00000
  102.4204493714              0.00000           0.00000           0.00000
  103.7087444847              0.00000           0.00000           0.00000
  105.0132443557              0.00000           0.00000           0.00000
  106.3341528151              0.00000           0.00000           0.00000
  107.6716762575              0.00000           0.00000           0.00000
  109.0260236737              0.00000           0.00000           0.00000
  110.3974066833              0.00000           0.00000           0.00000
  111.7860395676              0.00000           0.00000           0.00000
  113.1921393033              0.00000           0.00000           0.00000
  114.6159255965              0.00000           0.00000           0.00000
  116.0576209165              0.00000           0.00000           0.00000
  117.5174505312              0.00000           0.00000           0.00000
  118.9956425420              0.00000           0.00000           0.00000
