    0.0000044541              0.00000         204.37433         193.40378
    0.0000089643              0.00000         204.36142         193.39157
    0.0000135312              0.00000         204.34836         193.37921
    0.0000181555              0.00000         204.33513         193.36669
    0.0000228380              0.00000         204.32173         193.35401
    0.0000275794              0.00000         204.30817         193.34118
    0.0000323804              0.00000         204.29444         193.32818
    0.0000372418              0.00000         204.28053         193.31503
    0.0000421644              0.00000         204.26646         193.30171
    0.0000471489              0.00000         204.25220         193.28822
    0.0000521960              0.00000         204.23777         193.27456
    0.0000573067              0.00000         204.22316         193.26073
    0.0000624817              0.00000         204.20836         193.24673
    0.0000677217              0.00000         204.19338         193.23255
    0.0000730277              0.00000         204.17822         193.21820
    0.0000784004              0.00000         204.16286         193.20367
    0.0000838406              0.00000         204.14731         193.18895
    0.0000893494              0.00000         204.13157         193.17406
    0.0000949274              0.00000         204.11563         193.15897
    0.0001005755              0.00000         204.09949         193.14370
    0.0001062947              0.00000         204.08315         193.12823
    0.0001120859              0.00000         204.06660         193.11258
    0.0001179499              0.00000         204.04985         193.09672
    0.0001238876              0.00000         204.03289         193.08067
    0.0001299000              0.00000         204.01571         193.06442
    0.0001359881              0.00000         203.99833         193.04797
    0.0001421528              0.00000         203.98072         193.03131
    0.0001483949              0.00000         203.96290         193.01444
    0.0001547156              0.00000         203.94485         192.99736
    0.0001611159              0.00000         203.92658         192.98007
    0.0001675966              0.00000         203.90807         192.96256
    0.0001741588              0.00000         203.88934         192.94484
    0.0001808036              0.00000         203.87038         192.92689
    0.0001875319              0.00000         203.85117         192.90872
    0.0001943449              0.00000         203.83173         192.89032
    0.0002012436              0.00000         203.81205         192.87169
    0.0002082290              0.00000         203.79212         192.85283
    0.0002153024              0.00000         203.77194         192.83373
    0.0002224647              0.00000         203.75151         192.81440
    0.0002297170              0.00000         203.73082         192.79482
    0.0002370606              0.00000         203.70988         192.77500
    0.0002444966              0.00000         203.68867         192.75494
    0.0002520261              0.00000         203.66720         192.73462
    0.0002596504              0.00000         203.64546         192.71405
    0.0002673705              0.00000         203.62345         192.69322
    0.0002751877              0.00000         203.60117         192.67214
    0.0002831033              0.00000         203.57861         192.65079
    0.0002911184              0.00000         203.55577         192.62917
    0.0002992343              0.00000         203.53264         192.60729
    0.0003074524              0.00000         203.50923         192.58513
    0.0003157738              0.00000         203.48552         192.56270
    0.0003241998              0.00000         203.46152         192.53998
    0.0003327319              0.00000         203.43722         192.51699
    0.0003413713              0.00000         203.41262         192.49370
    0.0003501193              0.00000         203.38771         192.47013
    0.0003589774              0.00000         203.36249         192.44627
    0.0003679469              0.00000         203.33695         192.42210
    0.0003770292              0.00000         203.31110         192.39764
    0.0003862258              0.00000         203.28493         192.37287
    0.0003955380              0.00000         203.25843         192.34779
    0.0004049674              0.00000         203.23160         192.32241
    0.0004145154              0.00000         203.20443         192.29670
    0.0004241835              0.00000         203.17693         192.27068
    0.0004339732              0.00000         203.14909         192.24433
    0.0004438860              0.00000         203.12090         192.21765
    0.0004539235              0.00000         203.09236         192.19065
    0.0004640873              0.00000         203.06346         192.16330
    0.0004743789              0.00000         203.03421         192.13562
    0.0004848000              0.00000         203.00459         192.10759
    0.0004953522              0.00000         202.97461         192.07922
    0.0005060371              0.00000         202.94425         192.05049
    0.0005168563              0.00000         202.91351         192.02140
    0.0005278117              0.00000         202.88239         191.99196
    0.0005389049              0.00000         202.85089         191.96214
    0.0005501376              0.00000         202.81899         191.93196
    0.0005615116              0.00000         202.78670         191.90141
    0.0005730287              0.00000         202.75401         191.87047
    0.0005846906              0.00000         202.72091         191.83915
    0.0005964992              0.00000         202.68740         191.80744
    0.0006084564              0.00000         202.65348         191.77534
    0.0006205640              0.00000         202.61913         191.74284
    0.0006328238              0.00000         202.58436         191.70993
    0.0006452379              0.00000         202.54916         191.67662
    0.0006578081              0.00000         202.51352         191.64289
    0.0006705364              0.00000         202.47744         191.60875
    0.0006834249              0.00000         202.44091         191.57418
    0.0006964754              0.00000         202.40393         191.53919
    0.0007096901              0.00000         202.36649         191.50376
    0.0007230711              0.00000         202.32859         191.46789
    0.0007366203              0.00000         202.29022         191.43158
    0.0007503400              0.00000         202.25137         191.39482
    0.0007642322              0.00000         202.21204         191.35761
    0.0007782992              0.00000         202.17222         191.31993
    0.0007925431              0.00000         202.13192         191.28179
    0.0008069662              0.00000         202.09111         191.24317
    0.0008215707              0.00000         202.04980         191.20408
    0.0008363589              0.00000         202.00797         191.16450
    0.0008513331              0.00000         201.96563         191.12444
    0.0008664957              0.00000         201.92277         191.08388
    0.0008818490              0.00000         201.87938         191.04281
    0.0008973954              0.00000         201.83545         191.00124
    0.0009131374              0.00000         201.79097         190.95916
    0.0009290774              0.00000         201.74595         190.91656
    0.0009452178              0.00000         201.70038         190.87343
    0.0009615613              0.00000         201.65424         190.82977
    0.0009781104              0.00000         201.60753         190.78557
    0.0009948677              0.00000         201.56024         190.74082
    0.0010118357              0.00000         201.51237         190.69553
    0.0010290171              0.00000         201.46391         190.64967
    0.0010464147              0.00000         201.41485         190.60325
    0.0010640311              0.00000         201.36519         190.55625
    0.0010818691              0.00000         201.31492         190.50868
    0.0010999314              0.00000         201.26402         190.46052
    0.0011182210              0.00000         201.21250         190.41177
    0.0011367406              0.00000         201.16035         190.36242
    0.0011554932              0.00000         201.10755         190.31246
    0.0011744816              0.00000         201.05410         190.26188
    0.0011937089              0.00000         201.00000         190.21068
    0.0012131780              0.00000         200.94523         190.15885
    0.0012328921              0.00000         200.88978         190.10639
    0.0012528540              0.00000         200.83366         190.05328
    0.0012730671              0.00000         200.77684         189.99952
    0.0012935345              0.00000         200.71933         189.94509
    0.0013142593              0.00000         200.66111         189.89000
    0.0013352447              0.00000         200.60217         189.83424
    0.0013564942              0.00000         200.54251         189.77778
    0.0013780109              0.00000         200.48212         189.72064
    0.0013997982              0.00000         200.42099         189.66279
    0.0014218597              0.00000         200.35911         189.60424
    0.0014441986              0.00000         200.29647         189.54496
    0.0014668185              0.00000         200.23306         189.48496
    0.0014897229              0.00000         200.16887         189.42423
    0.0015129154              0.00000         200.10390         189.36275
    0.0015363997              0.00000         200.03813         189.30052
    0.0015601794              0.00000         199.97156         189.23752
    0.0015842581              0.00000         199.90418         189.17376
    0.0016086398              0.00000         199.83596         189.10921
    0.0016333281              0.00000         199.76692         189.04388
    0.0016583269              0.00000         199.69703         188.97775
    0.0016836402              0.00000         199.62629         188.91081
    0.0017092720              0.00000         199.55468         188.84305
    0.0017352261              0.00000         199.48220         188.77447
    0.0017615067              0.00000         199.40883         188.70505
    0.0017881178              0.00000         199.33457         188.63478
    0.0018150637              0.00000         199.25941         188.56365
    0.0018423485              0.00000         199.18332         188.49166
    0.0018699765              0.00000         199.10631         188.41879
    0.0018979520              0.00000         199.02837         188.34504
    0.0019262795              0.00000         198.94947         188.27038
    0.0019549632              0.00000         198.86961         188.19482
    0.0019840077              0.00000         198.78878         188.11834
    0.0020134176              0.00000         198.70697         188.04092
    0.0020431974              0.00000         198.62417         187.96257
    0.0020733518              0.00000         198.54035         187.88327
    0.0021038855              0.00000         198.45552         187.80300
    0.0021348032              0.00000         198.36966         187.72176
    0.0021661099              0.00000         198.28276         187.63953
    0.0021978103              0.00000         198.19481         187.55630
    0.0022299095              0.00000         198.10578         187.47207
    0.0022624124              0.00000         198.01568         187.38681
    0.0022953242              0.00000         197.92449         187.30053
    0.0023286499              0.00000         197.83220         187.21320
    0.0023623948              0.00000         197.73878         187.12481
    0.0023965642              0.00000         197.64424         187.03535
    0.0024311634              0.00000         197.54856         186.94482
    0.0024661978              0.00000         197.45172         186.85319
    0.0025016729              0.00000         197.35371         186.76045
    0.0025375942              0.00000         197.25451         186.66659
    0.0025739673              0.00000         197.15413         186.57161
    0.0026107980              0.00000         197.05253         186.47547
    0.0026480919              0.00000         196.94970         186.37818
    0.0026858549              0.00000         196.84564         186.27972
    0.0027240929              0.00000         196.74033         186.18007
    0.0027628119              0.00000         196.63375         186.07923
    0.0028020179              0.00000         196.52589         185.97717
    0.0028417171              0.00000         196.41673         185.87389
    0.0028819156              0.00000         196.30626         185.76936
    0.0029226198              0.00000         196.19447         185.66359
    0.0029638359              0.00000         196.08133         185.55654
    0.0030055705              0.00000         195.96684         185.44821
    0.0030478301              0.00000         195.85098         185.33859
    0.0030906212              0.00000         195.73373         185.22765
    0.0031339505              0.00000         195.61508         185.11539
    0.0031778249              0.00000         195.49501         185.00178
    0.0032222511              0.00000         195.37350         184.88682
    0.0032672362              0.00000         195.25055         184.77048
    0.0033127871              0.00000         195.12613         184.65276
    0.0033589109              0.00000         195.00022         184.53363
    0.0034056150              0.00000         194.87282         184.41308
    0.0034529065              0.00000         194.74389         184.29110
    0.0035007928              0.00000         194.61344         184.16767
    0.0035492815              0.00000         194.48143         184.04277
    0.0035983801              0.00000         194.34785         183.91639
    0.0036480962              0.00000         194.21269         183.78851
    0.0036984378              0.00000         194.07593         183.65911
    0.0037494125              0.00000         193.93754         183.52818
    0.0038010284              0.00000         193.79752         183.39569
    0.0038532936              0.00000         193.65583         183.26164
    0.0039062162              0.00000         193.51248         183.12600
    0.0039598045              0.00000         193.36742         182.98877
    0.0040140668              0.00000         193.22066         182.84991
    0.0040690117              0.00000         193.07216         182.70941
    0.0041246477              0.00000         192.92192         182.56726
    0.0041809835              0.00000         192.76990         182.42343
    0.0042380279              0.00000         192.61609         182.27792
    0.0042957898              0.00000         192.46048         182.13069
    0.0043542783              0.00000         192.30304         181.98173
    0.0044135025              0.00000         192.14375         181.83102
    0.0044734717              0.00000         191.98259         181.67855
    0.0045341952              0.00000         191.81955         181.52429
    0.0045956824              0.00000         191.65459         181.36823
    0.0046579431              0.00000         191.48771         181.21034
    0.0047209870              0.00000         191.31888         181.05061
    0.0047848238              0.00000         191.14808         180.88902
    0.0048494636              0.00000         190.97528         180.72554
    0.0049149165              0.00000         190.80048         180.56016
    0.0049811926              0.00000         190.62364         180.39285
    0.0050483024              0.00000         190.44474         180.22360
    0.0051162564              0.00000         190.26377         180.05239
    0.0051850651              0.00000         190.08069         179.87919
    0.0052547393              0.00000         189.89550         179.70398
    0.0053252899              0.00000         189.70816         179.52674
    0.0053967279              0.00000         189.51866         179.34746
    0.0054690645              0.00000         189.32696         179.16611
    0.0055423110              0.00000         189.13306         178.98266
    0.0056164788              0.00000         188.93692         178.79710
    0.0056915796              0.00000         188.73852         178.60941
    0.0057676250              0.00000         188.53784         178.41956
    0.0058446269              0.00000         188.33486         178.22753
    0.0059225973              0.00000         188.12955         178.03329
    0.0060015486              0.00000         187.92189         177.83684
    0.0060814929              0.00000         187.71185         177.63813
    0.0061624428              0.00000         187.49941         177.43716
    0.0062444109              0.00000         187.28455         177.23389
    0.0063274100              0.00000         187.06723         177.02831
    0.0064114532              0.00000         186.84745         176.82039
    0.0064965534              0.00000         186.62516         176.61010
    0.0065827242              0.00000         186.40035         176.39743
    0.0066699788              0.00000         186.17299         176.18235
    0.0067583309              0.00000         185.94306         175.96483
    0.0068477943              0.00000         185.71053         175.74486
    0.0069383831              0.00000         185.47537         175.52240
    0.0070301114              0.00000         185.23756         175.29743
    0.0071229934              0.00000         184.99708         175.06994
    0.0072170437              0.00000         184.75389         174.83988
    0.0073122771              0.00000         184.50797         174.60725
    0.0074087084              0.00000         184.25930         174.37201
    0.0075063526              0.00000         184.00784         174.13414
    0.0076052250              0.00000         183.75357         173.89361
    0.0077053410              0.00000         183.49647         173.65040
    0.0078067164              0.00000         183.23650         173.40448
    0.0079093670              0.00000         182.97364         173.15583
    0.0080133087              0.00000         182.70787         172.90442
    0.0081185578              0.00000         182.43915         172.65023
    0.0082251308              0.00000         182.16745         172.39323
    0.0083330443              0.00000         181.89276         172.13338
    0.0084423153              0.00000         181.61504         171.87068
    0.0085529606              0.00000         181.33426         171.60508
    0.0086649978              0.00000         181.05040         171.33657
    0.0087784441              0.00000         180.76342         171.06512
    0.0088933175              0.00000         180.47330         170.79069
    0.0090096358              0.00000         180.18002         170.51327
    0.0091274172              0.00000         179.88353         170.23283
    0.0092466801              0.00000         179.58382         169.94933
    0.0093674431              0.00000         179.28085         169.66276
    0.0094897252              0.00000         178.97460         169.37308
    0.0096135453              0.00000         178.66504         169.08028
    0.0097389230              0.00000         178.35214         168.78431
    0.0098658777              0.00000         178.03586         168.48515
    0.0099944293              0.00000         177.71618         168.18278
    0.0101245978              0.00000         177.39308         167.87717
    0.0102564037              0.00000         177.06651         167.56829
    0.0103898675              0.00000         176.73646         167.25612
    0.0105250101              0.00000         176.40289         166.94061
    0.0106618525              0.00000         176.06578         166.62176
    0.0108004163              0.00000         175.72508         166.29952
    0.0109407229              0.00000         175.38078         165.97388
    0.0110827944              0.00000         175.03285         165.64480
    0.0112266529              0.00000         174.68125         165.31225
    0.0113723209              0.00000         174.32596         164.97622
    0.0115198212              0.00000         173.96694         164.63666
    0.0116691769              0.00000         173.60418         164.29356
    0.0118204112              0.00000         173.23762         163.94688
    0.0119735478              0.00000         172.86726         163.59660
    0.0121286106              0.00000         172.49305         163.24269
    0.0122856238              0.00000         172.11497         162.88511
    0.0124446121              0.00000         171.73299         162.52385
    0.0126056002              0.00000         171.34708         162.15888
    0.0127686132              0.00000         170.95721         161.79016
    0.0129336767              0.00000         170.56336         161.41768
    0.0131008165              0.00000         170.16548         161.04140
    0.0132700586              0.00000         169.76356         160.66129
    0.0134414295              0.00000         169.35756         160.27733
    0.0136149560              0.00000         168.94745         159.88949
    0.0137906652              0.00000         168.53321         159.49774
    0.0139685845              0.00000         168.11481         159.10207
    0.0141487418              0.00000         167.69222         158.70243
    0.0143311652              0.00000         167.26541         158.29880
    0.0145158832              0.00000         166.83435         157.89116
    0.0147029246              0.00000         166.39902         157.47948
    0.0148923188              0.00000         165.95938         157.06374
    0.0150840952              0.00000         165.51541         156.64390
    0.0152782839              0.00000         165.06708         156.21994
    0.0154749152              0.00000         164.61437         155.79184
    0.0156740198              0.00000         164.15724         155.35957
    0.0158756288              0.00000         163.69568         154.92311
    0.0160797737              0.00000         163.22964         154.48242
    0.0162864865              0.00000         162.75912         154.03750
    0.0164957994              0.00000         162.28408         153.58830
    0.0167077452              0.00000         161.80449         153.13481
    0.0169223568              0.00000         161.32034         152.67701
    0.0171396680              0.00000         160.83159         152.21486
    0.0173597126              0.00000         160.33822         151.74836
    0.0175825250              0.00000         159.84021         151.27746
    0.0178081401              0.00000         159.33753         150.80216
    0.0180365931              0.00000         158.83017         150.32243
    0.0182679196              0.00000         158.31809         149.83824
    0.0185021559              0.00000         157.80127         149.34959
    0.0187393385              0.00000         157.27969         148.85644
    0.0189795044              0.00000         156.75334         148.35877
    0.0192226913              0.00000         156.22218         147.85657
    0.0194689372              0.00000         155.68621         147.34982
    0.0197182804              0.00000         155.14539         146.83849
    0.0199707599              0.00000         154.59971         146.32257
    0.0202264153              0.00000         154.04915         145.80204
    0.0204852864              0.00000         153.49369         145.27689
    0.0207474137              0.00000         152.93331         144.74709
    0.0210128381              0.00000         152.36800         144.21263
    0.0212816012              0.00000         151.79773         143.67350
    0.0215537450              0.00000         151.22250         143.12968
    0.0218293118              0.00000         150.64229         142.58115
    0.0221083449              0.00000         150.05708         142.02791
    0.0223908877              0.00000         149.46686         141.46993
    0.0226769846              0.00000         148.87162         140.90721
    0.0229666800              0.00000         148.27134         140.33973
    0.0232600194              0.00000         147.66601         139.76749
    0.0235570486              0.00000         147.05562         139.19047
    0.0238578139              0.00000         146.44016         138.60867
    0.0241623624              0.00000         145.81963         138.02207
    0.0244707416              0.00000         145.19401         137.43067
    0.0247829998              0.00000         144.56329         136.83447
    0.0250991857              0.00000         143.92748         136.23345
    0.0254193487              0.00000         143.28656         135.62761
    0.0257435388              0.00000         142.64053         135.01694
    0.0260718068              0.00000         141.98939         134.40146
    0.0264042039              0.00000         141.33313         133.78114
    0.0267407820              0.00000         140.67176         133.15599
    0.0270815938              0.00000         140.00527         132.52602
    0.0274266924              0.00000         139.33366         131.89122
    0.0277761319              0.00000         138.65694         131.25159
    0.0281299667              0.00000         137.97511         130.60713
    0.0284882523              0.00000         137.28817         129.95786
    0.0288510445              0.00000         136.59613         129.30378
    0.0292184001              0.00000         135.89899         128.64488
    0.0295903764              0.00000         135.19677         127.98119
    0.0299670317              0.00000         134.48947         127.31271
    0.0303484246              0.00000         133.77711         126.63945
    0.0307346150              0.00000         133.05969         125.96142
    0.0311256629              0.00000         132.33723         125.27863
    0.0315216297              0.00000         131.60975         124.59111
    0.0319225771              0.00000         130.87725         123.89885
    0.0323285678              0.00000         130.13977         123.20189
    0.0327396653              0.00000         129.39731         122.50023
    0.0331559337              0.00000         128.64990         121.79391
    0.0335774381              0.00000         127.89755         121.08293
    0.0340042444              0.00000         127.14031         120.36733
    0.0344364193              0.00000         126.37818         119.64712
    0.0348740303              0.00000         125.61119         118.92234
    0.0353171457              0.00000         124.83938         118.19300
    0.0357658348              0.00000         124.06278         117.45915
    0.0362201677              0.00000         123.28141         116.72080
    0.0366802155              0.00000         122.49532         115.97799
    0.0371460499              0.00000         121.70453         115.23075
    0.0376177438              0.00000         120.90908         114.47913
    0.0380953709              0.00000         120.10901         113.72315
    0.0385790058              0.00000         119.30437         112.96285
    0.0390687241              0.00000         118.49519         112.19828
    0.0395646023              0.00000         117.68153         111.42948
    0.0400667178              0.00000         116.86342         110.65649
    0.0405751492              0.00000         116.04092         109.87935
    0.0410899759              0.00000         115.21407         109.09812
    0.0416112783              0.00000         114.38293         108.31284
    0.0421391379              0.00000         113.54755         107.52357
    0.0426736371              0.00000         112.70799         106.73036
    0.0432148595              0.00000         111.86431         105.93326
    0.0437628896              0.00000         111.01656         105.13234
    0.0443178132              0.00000         110.16481         104.32764
    0.0448797167              0.00000         109.30913         103.51923
    0.0454486882              0.00000         108.44958         102.70718
    0.0460248165              0.00000         107.58622         101.89154
    0.0466081915              0.00000         106.71914         101.07239
    0.0471989045              0.00000         105.84840         100.24979
    0.0477970478              0.00000         104.97408          99.42382
    0.0484027147              0.00000         104.09625          98.59455
    0.0490160001              0.00000         103.21500          97.76204
    0.0496369996              0.00000         102.33040          96.92639
    0.0502658103              0.00000         101.44254          96.08767
    0.0509025305              0.00000         100.55151          95.24596
    0.0515472596              0.00000          99.65740          94.40134
    0.0522000984              0.00000          98.76029          93.55390
    0.0528611490              0.00000          97.86027          92.70372
    0.0535305145              0.00000          96.95745          91.85090
    0.0542082996              0.00000          96.05192          90.99553
    0.0548946102              0.00000          95.14378          90.13770
    0.0555895535              0.00000          94.23313          89.27750
    0.0562932381              0.00000          93.32007          88.41504
    0.0570057740              0.00000          92.40472          87.55041
    0.0577272725              0.00000          91.48717          86.68372
    0.0584578463              0.00000          90.56754          85.81506
    0.0591976096              0.00000          89.64595          84.94456
    0.0599466780              0.00000          88.72250          84.07230
    0.0607051685              0.00000          87.79731          83.19841
    0.0614731997              0.00000          86.87051          82.32300
    0.0622508915              0.00000          85.94221          81.44618
    0.0630383654              0.00000          85.01254          80.56806
    0.0638357446              0.00000          84.08162          79.68876
    0.0646431535              0.00000          83.14958          78.80841
    0.0654607184              0.00000          82.21655          77.92713
    0.0662885670              0.00000          81.28266          77.04503
    0.0671268287              0.00000          80.34804          76.16225
    0.0679756343              0.00000          79.41284          75.27891
    0.0688351167              0.00000          78.47718          74.39514
    0.0697054100              0.00000          77.54121          73.51107
    0.0705866502              0.00000          76.60507          72.62684
    0.0714789751              0.00000          75.66889          71.74257
    0.0723825241              0.00000          74.73283          70.85840
    0.0732974383              0.00000          73.79703          69.97448
    0.0742238607              0.00000          72.86164          69.09094
    0.0751619360              0.00000          71.92681          68.20791
    0.0761118109              0.00000          70.99268          67.32555
    0.0770736338              0.00000          70.05942          66.44399
    0.0780475548              0.00000          69.12717          65.56338
    0.0790337264              0.00000          68.19609          64.68386
    0.0800323024              0.00000          67.26634          63.80558
    0.0810434389              0.00000          66.33807          62.92869
    0.0820672940              0.00000          65.41145          62.05334
    0.0831040276              0.00000          64.48663          61.17968
    0.0841538017              0.00000          63.56377          60.30785
    0.0852167804              0.00000          62.64304          59.43801
    0.0862931296              0.00000          61.72460          58.57032
    0.0873830177              0.00000          60.80861          57.70492
    0.0884866149              0.00000          59.89524          56.84197
    0.0896040936              0.00000          58.98464          55.98162
    0.0907356285              0.00000          58.07700          55.12402
    0.0918813963              0.00000          57.17246          54.26934
    0.0930415761              0.00000          56.27120          53.41773
    0.0942163492              0.00000          55.37339          52.56934
    0.0954058991              0.00000          54.47919          51.72433
    0.0966104117              0.00000          53.58876          50.88285
    0.0978300752              0.00000          52.70228          50.04506
    0.0990650802              0.00000          51.81990          49.21112
    0.1003156196              0.00000          50.94181          48.38117
    0.1015818889              0.00000          50.06815          47.55538
    0.1028640859              0.00000          49.19909          46.73390
    0.1041624110              0.00000          48.33481          45.91687
    0.1054770669              0.00000          47.47545          45.10446
    0.1068082592              0.00000          46.62120          44.29682
    0.1081561959              0.00000          45.77220          43.49409
    0.1095210875              0.00000          44.92862          42.69642
    0.1109031473              0.00000          44.09061          41.90397
    0.1123025913              0.00000          43.25834          41.11688
    0.1137196381              0.00000          42.43197          40.33530
    0.1151545092              0.00000          41.61164          39.55937
    0.1166074287              0.00000          40.79751          38.78924
    0.1180786237              0.00000          39.98973          38.02504
    0.1195683241              0.00000          39.18846          37.26691
    0.1210767626              0.00000          38.39383          36.51500
    0.1226041749              0.00000          37.60600          35.76944
    0.1241507997              0.00000          36.82511          35.03036
    0.1257168786              0.00000          36.05129          34.29788
    0.1273026564              0.00000          35.28470          33.57215
    0.1289083808              0.00000          34.52545          32.85329
    0.1305343028              0.00000          33.77370          32.14141
    0.1321806763              0.00000          33.02955          31.43664
    0.1338477587              0.00000          32.29315          30.73910
    0.1355358103              0.00000          31.56461          30.04890
    0.1372450951              0.00000          30.84406          29.36615
    0.1389758800              0.00000          30.13162          28.69097
    0.1407284355              0.00000          29.42739          28.02345
    0.1425030354              0.00000          28.73148          27.36370
    0.1442999571              0.00000          28.04401          26.71182
    0.1461194812              0.00000          27.36508          26.06790
    0.1479618921              0.00000          26.69477          25.43203
    0.1498274777              0.00000          26.03320          24.80430
    0.1517165295              0.00000          25.38044          24.18479
    0.1536293427              0.00000          24.73659          23.57359
    0.1555662160              0.00000          24.10173          22.97077
    0.1575274523              0.00000          23.47593          22.37640
    0.1595133578              0.00000          22.85926          21.79054
    0.1615242430              0.00000          22.25180          21.21326
    0.1635604220              0.00000          21.65362          20.64463
    0.1656222129              0.00000          21.06476          20.08468
    0.1677099380              0.00000          20.48528          19.53348
    0.1698239235              0.00000          19.91523          18.99107
    0.1719644996              0.00000          19.35466          18.45749
    0.1741320009              0.00000          18.80361          17.93277
    0.1763267659              0.00000          18.26211          17.41695
    0.1785491377              0.00000          17.73019          16.91006
    0.1807994635              0.00000          17.20788          16.41211
    0.1830780949              0.00000          16.69519          15.92313
    0.1853853880              0.00000          16.19214          15.44313
    0.1877217032              0.00000          15.69873          14.97211
    0.1900874057              0.00000          15.21498          14.51009
    0.1924828651              0.00000          14.74089          14.05705
    0.1949084556              0.00000          14.27644          13.61299
    0.1973645563              0.00000          13.82162          13.17791
    0.1998515509              0.00000          13.37642          12.75178
    0.2023698281              0.00000          12.94081          12.33459
    0.2049197813              0.00000          12.51477          11.92631
    0.2075018089              0.00000          12.09827          11.52691
    0.2101163145              0.00000          11.69127          11.13636
    0.2127637065              0.00000          11.29373          10.75461
    0.2154443986              0.00000          10.90559          10.38164
    0.2181588096              0.00000          10.52681          10.01737
    0.2209073638              0.00000          10.15734           9.66178
    0.2236904905              0.00000           9.79711           9.31479
    0.2265086246              0.00000           9.44604           8.97636
    0.2293622065              0.00000           9.10408           8.64640
    0.2322516820              0.00000           8.77115           8.32486
    0.2351775026              0.00000           8.44717           8.01166
    0.2381401256              0.00000           8.13204           7.70672
    0.2411400137              0.00000           7.82569           7.40997
    0.2441776358              0.00000           7.52802           7.12131
    0.2472534665              0.00000           7.23894           6.84066
    0.2503679864              0.00000           6.95833           6.56794
    0.2535216821              0.00000           6.68611           6.30303
    0.2567150464              0.00000           6.42215           6.04585
    0.2599485783              0.00000           6.16635           5.79629
    0.2632227830              0.00000           5.91860           5.55425
    0.2665381722              0.00000           5.67877           5.31962
    0.2698952638              0.00000           5.44674           5.09229
    0.2732945824              0.00000           5.22239           4.87214
    0.2767366592              0.00000           5.00559           4.65907
    0.2802220320              0.00000           4.79620           4.45295
    0.2837512453              0.00000           4.59411           4.25366
    0.2873248508              0.00000           4.39916           4.06109
    0.2909434066              0.00000           4.21124           3.87510
    0.2946074783              0.00000           4.03018           3.69558
    0.2983176383              0.00000           3.85587           3.52239
    0.3020744663              0.00000           3.68814           3.35540
    0.3058785495              0.00000           3.52686           3.19450
    0.3097304821              0.00000           3.37188           3.03954
    0.3136308661              0.00000           3.22306           2.89039
    0.3175803109              0.00000           3.08025           2.74692
    0.3215794336              0.00000           2.94329           2.60901
    0.3256288590              0.00000           2.81205           2.47650
    0.3297292200              0.00000           2.68636           2.34928
    0.3338811571              0.00000           2.56609           2.22720
    0.3380853192              0.00000           2.45107           2.11013
    0.3423423631              0.00000           2.34117           1.99794
    0.3466529541              0.00000           2.23623           1.89050
    0.3510177656              0.00000           2.13610           1.78766
    0.3554374796              0.00000           2.04064           1.68930
    0.3599127869              0.00000           1.94969           1.59529
    0.3644443866              0.00000           1.86311           1.50549
    0.3690329867              0.00000           1.78075           1.41977
    0.3736793044              0.00000           1.70247           1.33801
    0.3783840655              0.00000           1.62813           1.26007
    0.3831480053              0.00000           1.55758           1.18584
    0.3879718680              0.00000           1.49068           1.11518
    0.3928564075              0.00000           1.42729           1.04797
    0.3978023869              0.00000           1.36728           0.98409
    0.4028105791              0.00000           1.31051           0.92342
    0.4078817666              0.00000           1.25685           0.86584
    0.4130167417              0.00000           1.20617           0.81124
    0.4182163069              0.00000           1.15834           0.75949
    0.4234812746              0.00000           1.11323           0.71050
    0.4288124674              0.00000           1.07073           0.66415
    0.4342107184              0.00000           1.03070           0.62032
    0.4396768710              0.00000           0.99304           0.57893
    0.4452117793              0.00000           0.95763           0.53986
    0.4508163082              0.00000           0.92435           0.50301
    0.4564913334              0.00000           0.89309           0.46829
    0.4622377417              0.00000           0.86376           0.43560
    0.4680564308              0.00000           0.83623           0.40485
    0.4739483101              0.00000           0.81043           0.37594
    0.4799143001              0.00000           0.78624           0.34880
    0.4859553329              0.00000           0.76357           0.32333
    0.4920723527              0.00000           0.74233           0.29945
    0.4982663150              0.00000           0.72243           0.27709
    0.5045381879              0.00000           0.70379           0.25616
    0.5108889511              0.00000           0.68633           0.23660
    0.5173195972              0.00000           0.66996           0.21833
    0.5238311308              0.00000           0.65460           0.20128
    0.5304245694              0.00000           0.64020           0.18538
    0.5371009433              0.00000           0.62667           0.17057
    0.5438612956              0.00000           0.61395           0.15680
    0.5507066826              0.00000           0.60198           0.14399
    0.5576381741              0.00000           0.59069           0.13210
    0.5646568530              0.00000           0.58003           0.12107
    0.5717638159              0.00000           0.56995           0.11084
    0.5789601735              0.00000           0.56038           0.10138
    0.5862470501              0.00000           0.55128           0.09262
    0.5936255844              0.00000           0.54261           0.08453
    0.6010969291              0.00000           0.53432           0.07707
    0.6086622519              0.00000           0.52637           0.07019
    0.6163227346              0.00000           0.51872           0.06385
    0.6240795744              0.00000           0.51133           0.05802
    0.6319339832              0.00000           0.50417           0.05266
    0.6398871883              0.00000           0.49722           0.04775
    0.6479404324              0.00000           0.49043           0.04324
    0.6560949739              0.00000           0.48379           0.03911
    0.6643520868              0.00000           0.47726           0.03534
    0.6727130615              0.00000           0.47083           0.03189
    0.6811792043              0.00000           0.46448           0.02874
    0.6897518380              0.00000           0.45818           0.02588
    0.6984323022              0.00000           0.45193           0.02327
    0.7072219532              0.00000           0.44569           0.02089
    0.7161221644              0.00000           0.43947           0.01874
    0.7251343264              0.00000           0.43325           0.01678
    0.7342598475              0.00000           0.42702           0.01501
    0.7435001536              0.00000           0.42076           0.01341
    0.7528566883              0.00000           0.41448           0.01197
    0.7623309138              0.00000           0.40817           0.01066
    0.7719243104              0.00000           0.40182           0.00949
    0.7816383771              0.00000           0.39542           0.00843
    0.7914746317              0.00000           0.38898           0.00748
    0.8014346111              0.00000           0.38249           0.00663
    0.8115198716              0.00000           0.37595           0.00587
    0.8217319891              0.00000           0.36937           0.00518
    0.8320725592              0.00000           0.36274           0.00457
    0.8425431977              0.00000           0.35606           0.00403
    0.8531455406              0.00000           0.34934           0.00354
    0.8638812446              0.00000           0.34258           0.00311
    0.8747519871              0.00000           0.33578           0.00273
    0.8857594667              0.00000           0.32894           0.00239
    0.8969054034              0.00000           0.32208           0.00209
    0.9081915386              0.00000           0.31520           0.00182
    0.9196196360              0.00000           0.30829           0.00159
    0.9311914812              0.00000           0.30137           0.00138
    0.9429088822              0.00000           0.29445           0.00120
    0.9547736700              0.00000           0.28752           0.00104
    0.9667876985              0.00000           0.28059           0.00090
    0.9789528448              0.00000           0.27367           0.00078
    0.9912710099              0.00000           0.26677           0.00067
    1.0037441183              0.00000           0.25989           0.00058
    1.0163741192              0.00000           0.25303           0.00050
    1.0291629859              0.00000           0.24621           0.00043
    1.0421127168              0.00000           0.23943           0.00037
    1.0552253353              0.00000           0.23269           0.00031
    1.0685028901              0.00000           0.22601           0.00027
    1.0819474561              0.00000           0.21938           0.00023
    1.0955611338              0.00000           0.21282           0.00019
    1.1093460506              0.00000           0.20632           0.00016
    1.1233043603              0.00000           0.19990           0.00014
    1.1374382438              0.00000           0.19355           0.00012
    1.1517499098              0.00000           0.18729           0.00010
    1.1662415943              0.00000           0.18112           0.00008
    1.1809155618              0.00000           0.17503           0.00007
    1.1957741051              0.00000           0.16905           0.00006
    1.2108195459              0.00000           0.16316           0.00005
    1.2260542350              0.00000           0.15738           0.00004
    1.2414805529              0.00000           0.15170           0.00003
    1.2571009100              0.00000           0.14613           0.00003
    1.2729177470              0.00000           0.14067           0.00002
    1.2889335353              0.00000           0.13533           0.00002
    1.3051507775              0.00000           0.13011           0.00002
    1.3215720074              0.00000           0.12500           0.00001
    1.3381997910              0.00000           0.12002           0.00001
    1.3550367263              0.00000           0.11515           0.00001
    1.3720854442              0.00000           0.11041           0.00001
    1.3893486086              0.00000           0.10579           0.00001
    1.4068289169              0.00000           0.10130           0.00000
    1.4245291004              0.00000           0.09693           0.00000
    1.4424519248              0.00000           0.09269           0.00000
    1.4606001905              0.00000           0.08857           0.00000
    1.4789767334              0.00000           0.08458           0.00000
    1.4975844247              0.00000           0.08071           0.00000
    1.5164261719              0.00000           0.07696           0.00000
    1.5355049191              0.00000           0.07334           0.00000
    1.5548236475              0.00000           0.06984           0.00000
    1.5743853755              0.00000           0.06646           0.00000
    1.5941931598              0.00000           0.06319           0.00000
    1.6142500953              0.00000           0.06005           0.00000
    1.6345593160              0.00000           0.05702           0.00000
    1.6551239953              0.00000           0.05410           0.00000
    1.6759473464              0.00000           0.05130           0.00000
    1.6970326230              0.00000           0.04861           0.00000
    1.7183831197              0.00000           0.04602           0.00000
    1.7400021726              0.00000           0.04354           0.00000
    1.7618931598              0.00000           0.04116           0.00000
    1.7840595016              0.00000           0.03889           0.00000
    1.8065046617              0.00000           0.03671           0.00000
    1.8292321472              0.00000           0.03463           0.00000
    1.8522455093              0.00000           0.03264           0.00000
    1.8755483438              0.00000           0.03074           0.00000
    1.8991442918              0.00000           0.02893           0.00000
    1.9230370404              0.00000           0.02721           0.00000
    1.9472303228              0.00000           0.02557           0.00000
    1.9717279191              0.00000           0.02401           0.00000
    1.9965336573              0.00000           0.02253           0.00000
    2.0216514133              0.00000           0.02112           0.00000
    2.0470851118              0.00000           0.01978           0.00000
    2.0728387268              0.00000           0.01852           0.00000
    2.0989162824              0.00000           0.01732           0.00000
    2.1253218532              0.00000           0.01618           0.00000
    2.1520595653              0.00000           0.01511           0.00000
    2.1791335964              0.00000           0.01410           0.00000
    2.2065481768              0.00000           0.01314           0.00000
    2.2343075903              0.00000           0.01224           0.00000
    2.2624161742              0.00000           0.01139           0.00000
    2.2908783205              0.00000           0.01059           0.00000
    2.3196984766              0.00000           0.00984           0.00000
    2.3488811456              0.00000           0.00914           0.00000
    2.3784308873              0.00000           0.00847           0.00000
    2.4083523191              0.00000           0.00785           0.00000
    2.4386501162              0.00000           0.00727           0.00000
    2.4693290126              0.00000           0.00673           0.00000
    2.5003938021              0.00000           0.00622           0.00000
    2.5318493385              0.00000           0.00574           0.00000
    2.5637005368              0.00000           0.00530           0.00000
    2.5959523739              0.00000           0.00488           0.00000
    2.6286098892              0.00000           0.00450           0.00000
    2.6616781854              0.00000           0.00414           0.00000
    2.6951624296              0.00000           0.00380           0.00000
    2.7290678537              0.00000           0.00349           0.00000
    2.7633997556              0.00000           0.00320           0.00000
    2.7981634996              0.00000           0.00294           0.00000
    2.8333645177              0.00000           0.00269           0.00000
    2.8690083101              0.00000           0.00246           0.00000
    2.9051004463              0.00000           0.00225           0.00000
    2.9416465656              0.00000           0.00205           0.00000
    2.9786523785              0.00000           0.00187           0.00000
    3.0161236672              0.00000           0.00171           0.00000
    3.0540662867              0.00000           0.00155           0.00000
    3.0924861656              0.00000           0.00141           0.00000
    3.1313893071              0.00000           0.00128           0.00000
    3.1707817899              0.00000           0.00117           0.00000
    3.2106697691              0.00000           0.00106           0.00000
    3.2510594773              0.00000           0.00096           0.00000
    3.2919572256              0.00000           0.00087           0.00000
    3.3333694041              0.00000           0.00078           0.00000
    3.3753024837              0.00000           0.00071           0.00000
    3.4177630166              0.00000           0.00064           0.00000
    3.4607576372              0.00000           0.00057           0.00000
    3.5042930636              0.00000           0.00052           0.00000
    3.5483760982              0.00000           0.00046           0.00000
    3.5930136291              0.00000           0.00042           0.00000
    3.6382126310              0.00000           0.00037           0.00000
    3.6839801664              0.00000           0.00033           0.00000
    3.7303233866              0.00000           0.00030           0.00000
    3.7772495326              0.00000           0.00027           0.00000
    3.8247659370              0.00000           0.00024           0.00000
    3.8728800241              0.00000           0.00021           0.00000
    3.9215993119              0.00000           0.00019           0.00000
    3.9709314129              0.00000           0.00017           0.00000
    4.0208840354              0.00000           0.00015           0.00000
    4.0714649845              0.00000           0.00013           0.00000
    4.1226821636              0.00000           0.00012           0.00000
    4.1745435756              0.00000           0.00010           0.00000
    4.2270573238              0.00000           0.00009           0.00000
    4.2802316136              0.00000           0.00008           0.00000
    4.3340747537              0.00000           0.00007           0.00000
    4.3885951570              0.00000           0.00006           0.00000
    4.4438013427              0.00000           0.00006           0.00000
    4.4997019367              0.00000           0.00005           0.00000
    4.5563056735              0.00000           0.00004           0.00000
    4.6136213978              0.00000           0.00004           0.00000
    4.6716580651              0.00000           0.00003           0.00000
    4.7304247438              0.00000           0.00003           0.00000
    4.7899306163              0.00000           0.00002           0.00000
    4.8501849806              0.00000           0.00002           0.00000
    4.9111972514              0.00000           0.00002           0.00000
    4.9729769622              0.00000           0.00002           0.00000
    5.0355337661              0.00000           0.00001           0.00000
    5.0988774376              0.00000           0.00001           0.00000
    5.1630178745              0.00000           0.00001           0.00000
    5.2279650988              0.00000           0.00001           0.00000
    5.2937292586              0.00000           0.00001           0.00000
    5.3603206296              0.00000           0.00001           0.00000
    5.4277496170              0.00000           0.00001           0.00000
    5.4960267567              0.00000           0.00000           0.00000
    5.5651627170              0.00000           0.00000           0.00000
    5.6351683007              0.00000           0.00000           0.00000
    5.7060544462              0.00000           0.00000           0.00000
    5.7778322297              0.00000           0.00000           0.00000
    5.8505128665              0.00000           0.00000           0.00000
    5.9241077132              0.00000           0.00000           0.00000
    5.9986282692              0.00000           0.00000           0.00000
    6.0740861783              0.00000           0.00000           0.00000
    6.1504932310              0.00000           0.00000           0.00000
    6.2278613662              0.00000           0.00000           0.00000
    6.3062026727              0.00000           0.00000           0.00000
    6.3855293916              0.00000           0.00000           0.00000
    6.4658539177              0.00000           0.00000           0.00000
    6.5471888020              0.00000           0.00000           0.00000
    6.6295467532              0.00000           0.00000           0.00000
    6.7129406399              0.00000           0.00000           0.00000
    6.7973834926              0.00000           0.00000           0.00000
    6.8828885056              0.00000           0.00000           0.00000
    6.9694690392              0.00000           0.00000           0.00000
    7.0571386219              0.00000           0.00000           0.00000
    7.1459109522              0.00000           0.00000           0.00000
    7.2357999010              0.00000           0.00000           0.00000
    7.3268195135              0.00000           0.00000           0.00000
    7.4189840118              0.00000           0.00000           0.00000
    7.5123077968              0.00000           0.00000           0.00000
    7.6068054505              0.00000           0.00000           0.00000
    7.7024917384              0.00000           0.00000           0.00000
    7.7993816116              0.00000           0.00000           0.00000
    7.8974902093              0.00000           0.00000           0.00000
    7.9968328614              0.00000           0.00000           0.00000
    8.0974250901              0.00000           0.00000           0.00000
    8.1992826133              0.00000           0.00000           0.00000
    8.3024213465              0.00000           0.00000           0.00000
    8.4068574052              0.00000           0.00000           0.00000
    8.5126071078              0.00000           0.00000           0.00000
    8.6196869779              0.00000           0.00000           0.00000
    8.7281137470              0.00000           0.00000           0.00000
    8.8379043569              0.00000           0.00000           0.00000
    8.9490759627              0.00000           0.00000           0.00000
    9.0616459351              0.00000           0.00000           0.00000
    9.1756318635              0.00000           0.00000           0.00000
    9.2910515584              0.00000           0.00000           0.00000
    9.4079230543              0.00000           0.00000           0.00000
    9.5262646127              0.00000           0.00000           0.00000
    9.6460947246              0.00000           0.00000           0.00000
    9.7674321138              0.00000           0.00000           0.00000
    9.8902957394              0.00000           0.00000           0.00000
   10.0147047992              0.00000           0.00000           0.00000
   10.1406787324              0.00000           0.00000           0.00000
   10.2682372225              0.00000           0.00000           0.00000
   10.3974002009              0.00000           0.00000           0.00000
   10.5281878496              0.00000           0.00000           0.00000
   10.6606206044              0.00000           0.00000           0.00000
   10.7947191582              0.00000           0.00000           0.00000
   10.9305044642              0.00000           0.00000           0.00000
   11.0679977390              0.00000           0.00000           0.00000
   11.2072204663              0.00000           0.00000           0.00000
   11.3481944000              0.00000           0.00000           0.00000
   11.4909415675              0.00000           0.00000           0.00000
   11.6354842733              0.00000           0.00000           0.00000
   11.7818451025              0.00000           0.00000           0.00000
   11.9300469243              0.00000           0.00000           0.00000
   12.0801128955              0.00000           0.00000           0.00000
   12.2320664643              0.00000           0.00000           0.00000
   12.3859313737              0.00000           0.00000           0.00000
   12.5417316654              0.00000           0.00000           0.00000
   12.6994916835              0.00000           0.00000           0.00000
   12.8592360783              0.00000           0.00000           0.00000
   13.0209898103              0.00000           0.00000           0.00000
   13.1847781538              0.00000           0.00000           0.00000
   13.3506267010              0.00000           0.00000           0.00000
   13.5185613661              0.00000           0.00000           0.00000
   13.6886083893              0.00000           0.00000           0.00000
   13.8607943407              0.00000           0.00000           0.00000
   14.0351461247              0.00000           0.00000           0.00000
   14.2116909843              0.00000           0.00000           0.00000
   14.3904565047              0.00000           0.00000           0.00000
   14.5714706186              0.00000           0.00000           0.00000
   14.7547616098              0.00000           0.00000           0.00000
   14.9403581178              0.00000           0.00000           0.00000
   15.1282891426              0.00000           0.00000           0.00000
   15.3185840486              0.00000           0.00000           0.00000
   15.5112725698              0.00000           0.00000           0.00000
   15.7063848143              0.00000           0.00000           0.00000
   15.9039512687              0.00000           0.00000           0.00000
   16.1040028031              0.00000           0.00000           0.00000
   16.3065706761              0.00000           0.00000           0.00000
   16.5116865393              0.00000           0.00000           0.00000
   16.7193824424              0.00000           0.00000           0.00000
   16.9296908384              0.00000           0.00000           0.00000
   17.1426445883              0.00000           0.00000           0.00000
   17.3582769667              0.00000           0.00000           0.00000
   17.5766216664              0.00000           0.00000           0.00000
   17.7977128044              0.00000           0.00000           0.00000
   18.0215849266              0.00000           0.00000           0.00000
   18.2482730134              0.00000           0.00000           0.00000
   18.4778124853              0.00000           0.00000           0.00000
   18.7102392084              0.00000           0.00000           0.00000
   18.9455894997              0.00000           0.00000           0.00000
   19.1839001333              0.00000           0.00000           0.00000
   19.4252083456              0.00000           0.00000           0.00000
   19.6695518415              0.00000           0.00000           0.00000
   19.9169688003              0.00000           0.00000           0.00000
   20.1674978813              0.00000           0.00000           0.00000
   20.4211782302              0.00000           0.00000           0.00000
   20.6780494851              0.00000           0.00000           0.00000
   20.9381517827              0.00000           0.00000           0.00000
   21.2015257643              0.00000           0.00000           0.00000
   21.4682125829              0.00000           0.00000           0.00000
   21.7382539086              0.00000           0.00000           0.00000
   22.0116919361              0.00000           0.00000           0.00000
   22.2885693906              0.00000           0.00000           0.00000
   22.5689295347              0.00000           0.00000           0.00000
   22.8528161753              0.00000           0.00000           0.00000
   23.1402736703              0.00000           0.00000           0.00000
   23.4313469354              0.00000           0.00000           0.00000
   23.7260814515              0.00000           0.00000           0.00000
   24.0245232714              0.00000           0.00000           0.00000
   24.3267190273              0.00000           0.00000           0.00000
   24.6327159378              0.00000           0.00000           0.00000
   24.9425618157              0.00000           0.00000           0.00000
   25.2563050749              0.00000           0.00000           0.00000
   25.5739947385              0.00000           0.00000           0.00000
   25.8956804461              0.00000           0.00000           0.00000
   26.2214124619              0.00000           0.00000           0.00000
   26.5512416820              0.00000           0.00000           0.00000
   26.8852196429              0.00000           0.00000           0.00000
   27.2233985295              0.00000           0.00000           0.00000
   27.5658311828              0.00000           0.00000           0.00000
   27.9125711086              0.00000           0.00000           0.00000
   28.2636724858              0.00000           0.00000           0.00000
   28.6191901747              0.00000           0.00000           0.00000
   28.9791797255              0.00000           0.00000           0.00000
   29.3436973875              0.00000           0.00000           0.00000
   29.7128001173              0.00000           0.00000           0.00000
   30.0865455878              0.00000           0.00000           0.00000
   30.4649921976              0.00000           0.00000           0.00000
   30.8481990798              0.00000           0.00000           0.00000
   31.2362261111              0.00000           0.00000           0.00000
   31.6291339217              0.00000           0.00000           0.00000
   32.0269839041              0.00000           0.00000           0.00000
   32.4298382233              0.00000           0.00000           0.00000
   32.8377598260              0.00000           0.00000           0.00000
   33.2508124508              0.00000           0.00000           0.00000
   33.6690606380              0.00000           0.00000           0.00000
   34.0925697398              0.00000           0.00000           0.00000
   34.5214059303              0.00000           0.00000           0.00000
   34.9556362160              0.00000           0.00000           0.00000
   35.3953284463              0.00000           0.00000           0.00000
   35.8405513241              0.00000           0.00000           0.00000
   36.2913744162              0.00000           0.00000           0.00000
   36.7478681648              0.00000           0.00000           0.00000
   37.2101038979              0.00000           0.00000           0.00000
   37.6781538407              0.00000           0.00000           0.00000
   38.1520911270              0.00000           0.00000           0.00000
   38.6319898106              0.00000           0.00000           0.00000
   39.1179248764              0.00000           0.00000           0.00000
   39.6099722530              0.00000           0.00000           0.00000
   40.1082088236              0.00000           0.00000           0.00000
   40.6127124388              0.00000           0.00000           0.00000
   41.1235619283              0.00000           0.00000           0.00000
   41.6408371133              0.00000           0.00000           0.00000
   42.1646188192              0.00000           0.00000           0.00000
   42.6949888878              0.00000           0.00000           0.00000
   43.2320301907              0.00000           0.00000           0.00000
   43.7758266416              0.00000           0.00000           0.00000
   44.3264632098              0.00000           0.00000           0.00000
   44.8840259334              0.00000           0.00000           0.00000
   45.4486019326              0.00000           0.00000           0.00000
   46.0202794238              0.00000           0.00000           0.00000
   46.5991477325              0.00000           0.00000           0.00000
   47.1852973082              0.00000           0.00000           0.00000
   47.7788197380              0.00000           0.00000           0.00000
   48.3798077608              0.00000           0.00000           0.00000
   48.9883552824              0.00000           0.00000           0.00000
   49.6045573895              0.00000           0.00000           0.00000
   50.2285103650              0.00000           0.00000           0.00000
   50.8603117027              0.00000           0.00000           0.00000
   51.5000601229              0.00000           0.00000           0.00000
   52.1478555876              0.00000           0.00000           0.00000
   52.8037993162              0.00000           0.00000           0.00000
   53.4679938012              0.00000           0.00000           0.00000
   54.1405428243              0.00000           0.00000           0.00000
   54.8215514727              0.00000           0.00000           0.00000
   55.5111261554              0.00000           0.00000           0.00000
   56.2093746198              0.00000           0.00000           0.00000
   56.9164059688              0.00000           0.00000           0.00000
   57.6323306772              0.00000           0.00000           0.00000
   58.3572606099              0.00000           0.00000           0.00000
   59.0913090387              0.00000           0.00000           0.00000
   59.8345906600              0.00000           0.00000           0.00000
   60.5872216132              0.00000           0.00000           0.00000
   61.3493194984              0.00000           0.00000           0.00000
   62.1210033949              0.00000           0.00000           0.00000
   62.9023938799              0.00000           0.00000           0.00000
   63.6936130472              0.00000           0.00000           0.00000
   64.4947845265              0.00000           0.00000           0.00000
   65.3060335024              0.00000           0.00000           0.00000
   66.1274867342              0.00000           0.00000           0.00000
   66.9592725757              0.00000           0.00000           0.00000
   67.8015209952              0.00000           0.00000           0.00000
   68.6543635955              0.00000           0.00000           0.00000
   69.5179336352              0.00000           0.00000           0.00000
   70.3923660487              0.00000           0.00000           0.00000
   71.2777974680              0.00000           0.00000           0.00000
   72.1743662435              0.00000           0.00000           0.00000
   73.0822124659              0.00000           0.00000           0.00000
   74.0014779880              0.00000           0.00000           0.00000
   74.9323064470              0.00000           0.00000           0.00000
   75.8748432865              0.00000           0.00000           0.00000
   76.8292357801              0.00000           0.00000           0.00000
   77.7956330534              0.00000           0.00000           0.00000
   78.7741861080              0.00000           0.00000           0.00000
   79.7650478447              0.00000           0.00000           0.00000
   80.7683730878              0.00000           0.00000           0.00000
   81.7843186088              0.00000           0.00000           0.00000
   82.8130431513              0.00000           0.00000           0.00000
   83.8547074556              0.00000           0.00000           0.00000
   84.9094742840              0.00000           0.00000           0.00000
   85.9775084457              0.00000           0.00000           0.00000
   87.0589768234              0.00000           0.00000           0.00000
   88.1540483987              0.00000           0.00000           0.00000
   89.2628942787              0.00000           0.00000           0.00000
   90.3856877229              0.00000           0.00000           0.00000
   91.5226041700              0.00000           0.00000           0.00000
   92.6738212655              0.00000           0.00000           0.00000
   93.8395188895              0.00000           0.00000           0.00000
   95.0198791846              0.00000           0.00000           0.00000
   96.2150865844              0.00000           0.00000           0.00000
   97.4253278426              0.00000           0.00000           0.00000
   98.6507920619              0.00000           0.00000           0.00000
   99.8916707234              0.00000           0.00000           0.00000
  101.1481577170              0.00000           0.00000           0.00000
  102.4204493714              0.00000           0.00000           0.00000
  103.7087444847              0.00000           0.00000           0.00000
  105.0132443557              0.00000           0.00000           0.00000
  106.3341528151              0.00000           0.00000           0.00000
  107.6716762575              0.00000           0.00000           0.00000
  109.0260236737              0.00000           0.00000           0.00000
  110.3974066833              0.00000           0.00000           0.00000
  111.7860395676              0.00000           0.00000           0.00000
  113.1921393033              0.00000           0.00000           0.00000
  114.6159255965              0.00000           0.00000           0.00000
  116.0576209165              0.00000           0.00000           0.00000
  117.5174505312              0.00000           0.00000           0.00000
  118.9956425420              0.00000           0.00000           0.00000
