 Raios
  0.445412344792E-05  0.896427287179E-05  0.135311529916E-04  0.181554773917E-04
  0.228379686322E-04  0.275793583619E-04  0.323803874325E-04  0.372418060146E-04
  0.421643737147E-04  0.471488596942E-04  0.521960427889E-04  0.573067116317E-04
  0.624816647748E-04  0.677217108153E-04  0.730276685210E-04  0.784003669585E-04
  0.838406456230E-04  0.893493545690E-04  0.949273545435E-04  0.100575517120E-03
  0.106294724837E-03  0.112085871330E-03  0.117949861479E-03  0.123887611544E-03
  0.129900049310E-03  0.135988114233E-03  0.142152757586E-03  0.148394942607E-03
  0.154715644649E-03  0.161115851336E-03  0.167596562712E-03  0.174158791402E-03
  0.180803562768E-03  0.187531915069E-03  0.194344899623E-03  0.201243580973E-03
  0.208229037052E-03  0.215302359352E-03  0.222464653093E-03  0.229717037400E-03
  0.237060645471E-03  0.244496624760E-03  0.252026137154E-03  0.259650359155E-03
  0.267370482063E-03  0.275187712163E-03  0.283103270913E-03  0.291118395135E-03
  0.299234337209E-03  0.307452365267E-03  0.315773763392E-03  0.324199831821E-03
  0.332731887143E-03  0.341371262509E-03  0.350119307840E-03  0.358977390035E-03
  0.367946893187E-03  0.377029218801E-03  0.386225786007E-03  0.395538031788E-03
  0.404967411201E-03  0.414515397606E-03  0.424183482896E-03  0.433973177728E-03
  0.443886011762E-03  0.453923533898E-03  0.464087312520E-03  0.474378935739E-03
  0.484800011642E-03  0.495352168544E-03  0.506037055239E-03  0.516856341264E-03
  0.527811717154E-03  0.538904894709E-03  0.550137607260E-03  0.561511609941E-03
  0.573028679965E-03  0.584690616895E-03  0.596499242934E-03  0.608456403203E-03
  0.620563966033E-03  0.632823823255E-03  0.645237890498E-03  0.657808107484E-03
  0.670536438335E-03  0.683424871878E-03  0.696475421959E-03  0.709690127751E-03
  0.723071054080E-03  0.736620291742E-03  0.750339957833E-03  0.764232196080E-03
  0.778299177172E-03  0.792543099104E-03  0.806966187518E-03  0.821570696051E-03
  0.836358906686E-03  0.851333130112E-03  0.866495706082E-03  0.881849003779E-03
  0.897395422187E-03  0.913137390466E-03  0.929077368330E-03  0.945217846433E-03
  0.961561346757E-03  0.978110423009E-03  0.994867661014E-03  0.101183567913E-02
  0.102901712863E-02  0.104641469417E-02  0.106403109413E-02  0.108186908114E-02
  0.109993144240E-02  0.111822100019E-02  0.113674061230E-02  0.115549317246E-02
  0.117448161078E-02  0.119370889425E-02  0.121317802718E-02  0.123289205165E-02
  0.125285404803E-02  0.127306713541E-02  0.129353447213E-02  0.131425925625E-02
  0.133524472606E-02  0.135649416059E-02  0.137801088010E-02  0.139979824663E-02
  0.142185966449E-02  0.144419858082E-02  0.146681848614E-02  0.148972291483E-02
  0.151291544577E-02  0.153639970284E-02  0.156017935550E-02  0.158425811936E-02
  0.160863975679E-02  0.163332807747E-02  0.165832693899E-02  0.168364024748E-02
  0.170927195819E-02  0.173522607613E-02  0.176150665669E-02  0.178811780626E-02
  0.181506368288E-02  0.184234849691E-02  0.186997651165E-02  0.189795204403E-02
  0.192627946529E-02  0.195496320164E-02  0.198400773499E-02  0.201341760358E-02
  0.204319740279E-02  0.207335178576E-02  0.210388546417E-02  0.213480320898E-02
  0.216610985114E-02  0.219781028238E-02  0.222990945596E-02  0.226241238744E-02
  0.229532415547E-02  0.232864990257E-02  0.236239483598E-02  0.239656422839E-02
  0.243116341885E-02  0.246619781355E-02  0.250167288668E-02  0.253759418131E-02
  0.257396731019E-02  0.261079795672E-02  0.264809187575E-02  0.268585489453E-02
  0.272409291361E-02  0.276281190777E-02  0.280201792691E-02  0.284171709707E-02
  0.288191562132E-02  0.292261978075E-02  0.296383593548E-02  0.300557052562E-02
  0.304783007228E-02  0.309062117859E-02  0.313395053077E-02  0.317782489910E-02
  0.322225113904E-02  0.326723619229E-02  0.331278708786E-02  0.335891094316E-02
  0.340561496513E-02  0.345290645138E-02  0.350079279131E-02  0.354928146723E-02
  0.359838005562E-02  0.364809622822E-02  0.369843775329E-02  0.374941249680E-02
  0.380102842364E-02  0.385329359892E-02  0.390621618917E-02  0.395980446366E-02
  0.401406679567E-02  0.406901166379E-02  0.412464765327E-02  0.418098345734E-02
  0.423802787860E-02  0.429578983035E-02  0.435427833801E-02  0.441350254052E-02
  0.447347169180E-02  0.453419516214E-02  0.459568243971E-02  0.465794313203E-02
  0.472098696744E-02  0.478482379668E-02  0.484946359439E-02  0.491491646065E-02
  0.498119262263E-02  0.504830243609E-02  0.511625638710E-02  0.518506509358E-02
  0.525473930704E-02  0.532528991422E-02  0.539672793880E-02  0.546906454310E-02
  0.554231102988E-02  0.561647884404E-02  0.569157957445E-02  0.576762495577E-02
  0.584462687023E-02  0.592259734953E-02  0.600154857674E-02  0.608149288813E-02
  0.616244277516E-02  0.624441088643E-02  0.632741002961E-02  0.641145317350E-02
  0.649655344999E-02  0.658272415619E-02  0.666997875644E-02  0.675833088446E-02
  0.684779434543E-02  0.693838311821E-02  0.703011135748E-02  0.712299339597E-02
  0.721704374667E-02  0.731227710515E-02  0.740870835182E-02  0.750635255425E-02
  0.760522496955E-02  0.770534104673E-02  0.780671642914E-02  0.790936695688E-02
  0.801330866931E-02  0.811855780754E-02  0.822513081695E-02  0.833304434979E-02
  0.844231526778E-02  0.855296064472E-02  0.866499776916E-02  0.877844414715E-02
  0.889331750490E-02  0.900963579162E-02  0.912741718227E-02  0.924668008044E-02
  0.936744312119E-02  0.948972517400E-02  0.961354534568E-02  0.973892298339E-02
  0.986587767765E-02  0.999442926537E-02  0.101245978330E-01  0.102564037197E-01
  0.103898675203E-01  0.105250100888E-01  0.106618525417E-01  0.108004162606E-01
  0.109407228966E-01  0.110827943729E-01  0.112266528883E-01  0.113723209210E-01
  0.115198212321E-01  0.116691768687E-01  0.118204111679E-01  0.119735477604E-01
  0.121286105741E-01  0.122856238379E-01  0.124446120855E-01  0.126056001590E-01
  0.127686132132E-01  0.129336767191E-01  0.131008164684E-01  0.132700585770E-01
  0.134414294892E-01  0.136149559821E-01  0.137906651696E-01  0.139685845066E-01
  0.141487417933E-01  0.143311651798E-01  0.145158831700E-01  0.147029246265E-01
  0.148923187748E-01  0.150840952083E-01  0.152782838924E-01  0.154749151694E-01
  0.156740197634E-01  0.158756287849E-01  0.160797737357E-01  0.162864865138E-01
  0.164957994187E-01  0.167077451557E-01  0.169223568420E-01  0.171396680109E-01
  0.173597126178E-01  0.175825250452E-01  0.178081401079E-01  0.180365930587E-01
  0.182679195939E-01  0.185021558587E-01  0.187393384531E-01  0.189795044371E-01
  0.192226913374E-01  0.194689371523E-01  0.197182803583E-01  0.199707599157E-01
  0.202264152750E-01  0.204852863828E-01  0.207474136883E-01  0.210128381494E-01
  0.212816012393E-01  0.215537449526E-01  0.218293118125E-01  0.221083448767E-01
  0.223908877448E-01  0.226769845647E-01  0.229666800396E-01  0.232600194350E-01
  0.235570485857E-01  0.238578139033E-01  0.241623623828E-01  0.244707416105E-01
  0.247829997715E-01  0.250991856566E-01  0.254193486705E-01  0.257435388394E-01
  0.260718068187E-01  0.264042039008E-01  0.267407820234E-01  0.270815937777E-01
  0.274266924162E-01  0.277761318611E-01  0.281299667131E-01  0.284882522597E-01
  0.288510444837E-01  0.292184000721E-01  0.295903764249E-01  0.299670316643E-01
  0.303484246434E-01  0.307346149555E-01  0.311256629438E-01  0.315216297103E-01
  0.319225771255E-01  0.323285678384E-01  0.327396652857E-01  0.331559337024E-01
  0.335774381313E-01  0.340042444331E-01  0.344364192973E-01  0.348740302521E-01
  0.353171456751E-01  0.357658348040E-01  0.362201677474E-01  0.366802154956E-01
  0.371460499322E-01  0.376177438446E-01  0.380953709361E-01  0.385790058368E-01
  0.390687241156E-01  0.395646022921E-01  0.400667178482E-01  0.405751492405E-01
  0.410899759124E-01  0.416112783067E-01  0.421391378779E-01  0.426736371051E-01
  0.432148595049E-01  0.437628896445E-01  0.443178131546E-01  0.448797167432E-01
  0.454486882089E-01  0.460248164545E-01  0.466081915014E-01  0.471989045031E-01
  0.477970477596E-01  0.484027147320E-01  0.490160000572E-01  0.496369995621E-01
  0.502658102791E-01  0.509025304613E-01  0.515472595975E-01  0.522000984278E-01
  0.528611489598E-01  0.535305144838E-01  0.542082995896E-01  0.548946101825E-01
  0.555895535000E-01  0.562932381283E-01  0.570057740196E-01  0.577272725091E-01
  0.584578463324E-01  0.591976096431E-01  0.599466780308E-01  0.607051685389E-01
  0.614731996830E-01  0.622508914698E-01  0.630383654149E-01  0.638357445629E-01
  0.646431535059E-01  0.654607184032E-01  0.662885670009E-01  0.671268286520E-01
  0.679756343368E-01  0.688351166827E-01  0.697054099856E-01  0.705866502307E-01
  0.714789751135E-01  0.723825240616E-01  0.732974382563E-01  0.742238606549E-01
  0.751619360128E-01  0.761118109060E-01  0.770736337546E-01  0.780475548453E-01
  0.790337263553E-01  0.800323023758E-01  0.810434389363E-01  0.820672940291E-01
  0.831040276336E-01  0.841538017414E-01  0.852167803821E-01  0.862931296480E-01
  0.873830177210E-01  0.884866148983E-01  0.896040936193E-01  0.907356284922E-01
  0.918813963216E-01  0.930415761362E-01  0.942163492163E-01  0.954058991227E-01
  0.966104117250E-01  0.978300752306E-01  0.990650802146E-01  0.100315619649    
  0.101581888933      0.102864085924      0.104162410967      0.105477066929    
  0.106808259228      0.108156195864      0.109521087456      0.110903147271    
  0.112302591258      0.113719638083      0.115154509164      0.116607428700    
  0.118078623715      0.119568324085      0.121076762578      0.122604174893    
  0.124150799689      0.125716878630      0.127302656419      0.128908380837    
  0.130534302782      0.132180676307      0.133847758662      0.135535810332    
  0.137245095078      0.138975879979      0.140728435474      0.142503035403    
  0.144299957052      0.146119481193      0.147961892129      0.149827477743    
  0.151716529534      0.153629342673      0.155566216038      0.157527452271    
  0.159513357819      0.161524242984      0.163560421971      0.165622212936    
  0.167709938039      0.169823923491      0.171964499606      0.174132000855    
  0.176326765913      0.178549137716      0.180799463516      0.183078094930    
  0.185385387999      0.187721703242      0.190087405712      0.192482865057    
  0.194908455571      0.197364556258      0.199851550888      0.202369828060    
  0.204919781258      0.207501808920      0.210116314492      0.212763706495    
  0.215444398590      0.218158809641      0.220907363780      0.223690490473    
  0.226508624591      0.229362206473      0.232251681996      0.235177502646    
  0.238140125590      0.241140013743      0.244177635844      0.247253466527    
  0.250367986398      0.253521682105      0.256715046422      0.259948578316    
  0.263222783035      0.266538172179      0.269895263785      0.273294582405    
  0.276736659190      0.280222031970      0.283751245344      0.287324850756    
  0.290943406591      0.294607478256      0.298317638268      0.302074466348    
  0.305878549508      0.309730482144      0.313630866128      0.317580310902    
  0.321579433577      0.325628859022      0.329729219969      0.333881157107    
  0.338085319185      0.342342363113      0.346652954061      0.351017765569    
  0.355437479646      0.359912786883      0.364444386555      0.369032986734    
  0.373679304398      0.378384065544      0.383148005299      0.387971868040    
  0.392856407505      0.397802386913      0.402810579083      0.407881766555    
  0.413016741714      0.418216306908      0.423481274582      0.428812467396    
  0.434210718360      0.439676870963      0.445211779301      0.450816308216    
  0.456491333426      0.462237741666      0.468056430823      0.473948310080    
  0.479914300055      0.485955332945      0.492072352675      0.498266315041    
  0.504538187862      0.510888951132      0.517319597170      0.523831130778    
  0.530424569395      0.537100943260      0.543861295571      0.550706682646    
  0.557638174090      0.564656852963      0.571763815949      0.578960173524    
  0.586247050134      0.593625584368      0.601096929138      0.608662251856    
  0.616322734619      0.624079574393      0.631933983201      0.639887188309    
  0.647940432422      0.656094973876      0.664352086834      0.672713061488    
  0.681179204256      0.689751837991      0.698432302183      0.707221953174    
  0.716122164364      0.725134326429      0.734259847538      0.743500153572    
  0.752856688347      0.762330913842      0.771924310424      0.781638377079    
  0.791474631650      0.801434611074      0.811519871616      0.821731989118    
  0.832072559246      0.842543197735      0.853145540642      0.863881244605    
  0.874751987101      0.885759466704      0.896905403356      0.908191538632    
  0.919619636014      0.931191481165      0.942908882209      0.954773670015    
  0.966787698479      0.978952844818      0.991271009860       1.00374411834    
   1.01637411922       1.02916298595       1.04211271682       1.05522533525    
   1.06850289012       1.08194745607       1.09556113383       1.10934605059    
   1.12330436025       1.13743824384       1.15174990979       1.16624159434    
   1.18091556184       1.19577410514       1.21081954589       1.22605423500    
   1.24148055290       1.25710091000       1.27291774700       1.28893353532    
   1.30515077746       1.32157200739       1.33819979097       1.35503672631    
   1.37208544423       1.38934860863       1.40682891690       1.42452910038    
   1.44245192476       1.46060019052       1.47897673336       1.49758442465    
   1.51642617189       1.53550491913       1.55482364747       1.57438537549    
   1.59419315977       1.61425009530       1.63455931602       1.65512399529    
   1.67594734638       1.69703262299       1.71838311972       1.74000217265    
   1.76189315978       1.78405950163       1.80650466174       1.82923214721    
   1.85224550926       1.87554834376       1.89914429184       1.92303704040    
   1.94723032275       1.97172791913       1.99653365733       2.02165141331    
   2.04708511177       2.07283872677       2.09891628237       2.12532185324    
   2.15205956531       2.17913359638       2.20654817685       2.23430759029    
   2.26241617416       2.29087832050       2.31969847656       2.34888114556    
   2.37843088735       2.40835231913       2.43865011619       2.46932901263    
   2.50039380207       2.53184933847       2.56370053680       2.59595237390    
   2.62860988916       2.66167818539       2.69516242958       2.72906785372    
   2.76339975559       2.79816349963       2.83336451774       2.86900831014    
   2.90510044627       2.94164656557       2.97865237847       3.01612366719    
   3.05406628671       3.09248616562       3.13138930712       3.17078178989    
   3.21066976911       3.25105947734       3.29195722555       3.33336940411    
   3.37530248375       3.41776301660       3.46075763720       3.50429306356    
   3.54837609817       3.59301362909       3.63821263103       3.68398016643    
   3.73032338655       3.77724953263       3.82476593695       3.87288002407    
   3.92159931190       3.97093141293       4.02088403540       4.07146498451    
   4.12268216364       4.17454357558       4.22705732377       4.28023161360    
   4.33407475366       4.38859515705       4.44380134268       4.49970193665    
   4.55630567353       4.61362139778       4.67165806508       4.73042474379    
   4.78993061632       4.85018498058       4.91119725145       4.97297696220    
   5.03553376606       5.09887743764       5.16301787452       5.22796509879    
   5.29372925856       5.36032062963       5.42774961704       5.49602675669    
   5.56516271704       5.63516830072       5.70605444624       5.77783222970    
   5.85051286653       5.92410771324       5.99862826915       6.07408617827    
   6.15049323104       6.22786136622       6.30620267274       6.38552939159    
   6.46585391773       6.54718880202       6.62954675322       6.71294063991    
   6.79738349257       6.88288850556       6.96946903921       7.05713862191    
   7.14591095220       7.23579990095       7.32681951349       7.41898401181    
   7.51230779680       7.60680545051       7.70249173837       7.79938161157    
   7.89749020934       7.99683286135       8.09742509010       8.19928261332    
   8.30242134647       8.40685740517       8.51260710777       8.61968697788    
   8.72811374695       8.83790435688       8.94907596268       9.06164593514    
   9.17563186353       9.29105155841       9.40792305432       9.52626461268    
   9.64609472460       9.76743211377       9.89029573941       10.0147047992    
   10.1406787324       10.2682372225       10.3974002009       10.5281878496    
   10.6606206044       10.7947191582       10.9305044642       11.0679977390    
   11.2072204663       11.3481944000       11.4909415675       11.6354842733    
   11.7818451025       11.9300469243       12.0801128955       12.2320664643    
   12.3859313737       12.5417316654       12.6994916835       12.8592360783    
   13.0209898103       13.1847781538       13.3506267010       13.5185613661    
   13.6886083893       13.8607943407       14.0351461247       14.2116909843    
   14.3904565047       14.5714706186       14.7547616098       14.9403581178    
   15.1282891426       15.3185840486       15.5112725698       15.7063848143    
   15.9039512687       16.1040028031       16.3065706761       16.5116865393    
   16.7193824424       16.9296908384       17.1426445883       17.3582769667    
   17.5766216664       17.7977128044       18.0215849266       18.2482730134    
   18.4778124853       18.7102392084       18.9455894997       19.1839001333    
   19.4252083456       19.6695518415       19.9169688003       20.1674978813    
   20.4211782302       20.6780494851       20.9381517827       21.2015257643    
   21.4682125829       21.7382539086       22.0116919361       22.2885693906    
   22.5689295347       22.8528161753       23.1402736703       23.4313469354    
   23.7260814515       24.0245232714       24.3267190273       24.6327159378    
   24.9425618157       25.2563050749       25.5739947385       25.8956804461    
   26.2214124619       26.5512416820       26.8852196429       27.2233985295    
   27.5658311828       27.9125711086       28.2636724858       28.6191901747    
   28.9791797255       29.3436973875       29.7128001173       30.0865455878    
   30.4649921976       30.8481990798       31.2362261111       31.6291339217    
   32.0269839041       32.4298382233       32.8377598260       33.2508124508    
   33.6690606380       34.0925697398       34.5214059303       34.9556362160    
   35.3953284463       35.8405513241       36.2913744162       36.7478681648    
   37.2101038979       37.6781538407       38.1520911270       38.6319898106    
   39.1179248764       39.6099722530       40.1082088236       40.6127124388    
   41.1235619283       41.6408371133       42.1646188192       42.6949888878    
   43.2320301907       43.7758266416       44.3264632098       44.8840259334    
   45.4486019326       46.0202794238       46.5991477325       47.1852973082    
   47.7788197380       48.3798077608       48.9883552824       49.6045573895    
   50.2285103650       50.8603117027       51.5000601229       52.1478555876    
   52.8037993162       53.4679938012       54.1405428243       54.8215514727    
   55.5111261554       56.2093746198       56.9164059688       57.6323306772    
   58.3572606099       59.0913090387       59.8345906600       60.5872216132    
   61.3493194984       62.1210033949       62.9023938799       63.6936130472    
   64.4947845265       65.3060335024       66.1274867342       66.9592725757    
   67.8015209952       68.6543635955       69.5179336352       70.3923660487    
   71.2777974680       72.1743662435       73.0822124659       74.0014779880    
   74.9323064470       75.8748432865       76.8292357801       77.7956330534    
   78.7741861080       79.7650478447       80.7683730878       81.7843186088    
   82.8130431513       83.8547074556       84.9094742840       85.9775084457    
   87.0589768234       88.1540483987       89.2628942787       90.3856877229    
   91.5226041700       92.6738212655       93.8395188895       95.0198791846    
   96.2150865844       97.4253278426       98.6507920619       99.8916707234    
   101.148157717       102.420449371       103.708744485       105.013244356    
   106.334152815       107.671676257       109.026023674       110.397406683    
   111.786039568       113.192139303       114.615925596       116.057620916    
   117.517450531       118.995642542    
Down potential follows (l on next line)
 1
  -13.9998930774      -13.9997848077      -13.9996751739      -13.9995641587    
  -13.9994517448      -13.9993379145      -13.9992226498      -13.9991059328    
  -13.9989877450      -13.9988680680      -13.9987468828      -13.9986241705    
  -13.9984999118      -13.9983740872      -13.9982466768      -13.9981176607    
  -13.9979870186      -13.9978547300      -13.9977207741      -13.9975851297    
  -13.9974477757      -13.9973086903      -13.9971678518      -13.9970252379    
  -13.9968808263      -13.9967345943      -13.9965865188      -13.9964365766    
  -13.9962847441      -13.9961309973      -13.9959753122      -13.9958176641    
  -13.9956580284      -13.9954963799      -13.9953326931      -13.9951669423    
  -13.9949991014      -13.9948291440      -13.9946570433      -13.9944827722    
  -13.9943063033      -13.9941276089      -13.9939466606      -13.9937634302    
  -13.9935778886      -13.9933900067      -13.9931997548      -13.9930071031    
  -13.9928120211      -13.9926144781      -13.9924144429      -13.9922118841    
  -13.9920067697      -13.9917990673      -13.9915887443      -13.9913757674    
  -13.9911601030      -13.9909417172      -13.9907205755      -13.9904966430    
  -13.9902698844      -13.9900402639      -13.9898077452      -13.9895722917    
  -13.9893338662      -13.9890924310      -13.9888479481      -13.9886003788    
  -13.9883496841      -13.9880958242      -13.9878387593      -13.9875784485    
  -13.9873148508      -13.9870479246      -13.9867776276      -13.9865039171    
  -13.9862267499      -13.9859460821      -13.9856618693      -13.9853740667    
  -13.9850826286      -13.9847875090      -13.9844886612      -13.9841860379    
  -13.9838795911      -13.9835692724      -13.9832550327      -13.9829368222    
  -13.9826145904      -13.9822882865      -13.9819578586      -13.9816232544    
  -13.9812844210      -13.9809413045      -13.9805938507      -13.9802420044    
  -13.9798857098      -13.9795249105      -13.9791595492      -13.9787895679    
  -13.9784149079      -13.9780355099      -13.9776513135      -13.9772622578    
  -13.9768682809      -13.9764693204      -13.9760653129      -13.9756561941    
  -13.9752418991      -13.9748223620      -13.9743975161      -13.9739672940    
  -13.9735316271      -13.9730904462      -13.9726436811      -13.9721912607    
  -13.9717331130      -13.9712691651      -13.9707993432      -13.9703235723    
  -13.9698417769      -13.9693538799      -13.9688598039      -13.9683594699    
  -13.9678527983      -13.9673397083      -13.9668201180      -13.9662939445    
  -13.9657611040      -13.9652215114      -13.9646750805      -13.9641217241    
  -13.9635613539      -13.9629938803      -13.9624192127      -13.9618372593    
  -13.9612479270      -13.9606511217      -13.9600467478      -13.9594347087    
  -13.9588149065      -13.9581872421      -13.9575516149      -13.9569079231    
  -13.9562560637      -13.9555959323      -13.9549274231      -13.9542504290    
  -13.9535648413      -13.9528705503      -13.9521674445      -13.9514554111    
  -13.9507343358      -13.9500041030      -13.9492645954      -13.9485156941    
  -13.9477572789      -13.9469892280      -13.9462114178      -13.9454237233    
  -13.9446260178      -13.9438181730      -13.9430000589      -13.9421715438    
  -13.9413324944      -13.9404827754      -13.9396222500      -13.9387507796    
  -13.9378682236      -13.9369744397      -13.9360692839      -13.9351526100    
  -13.9342242702      -13.9332841146      -13.9323319913      -13.9313677466    
  -13.9303912248      -13.9294022678      -13.9284007160      -13.9273864073    
  -13.9263591776      -13.9253188608      -13.9242652884      -13.9231982898    
  -13.9221176923      -13.9210233208      -13.9199149979      -13.9187925440    
  -13.9176557770      -13.9165045125      -13.9153385638      -13.9141577416    
  -13.9129618542      -13.9117507074      -13.9105241044      -13.9092818458    
  -13.9080237299      -13.9067495519      -13.9054591046      -13.9041521781    
  -13.9028285597      -13.9014880338      -13.9001303822      -13.8987553837    
  -13.8973628143      -13.8959524469      -13.8945240516      -13.8930773955    
  -13.8916122425      -13.8901283535      -13.8886254863      -13.8871033955    
  -13.8855618325      -13.8840005455      -13.8824192792      -13.8808177753    
  -13.8791957718      -13.8775530034      -13.8758892014      -13.8742040934    
  -13.8724974038      -13.8707688529      -13.8690181578      -13.8672450316    
  -13.8654491837      -13.8636303200      -13.8617881421      -13.8599223479    
  -13.8580326316      -13.8561186830      -13.8541801882      -13.8522168290    
  -13.8502282830      -13.8482142238      -13.8461743206      -13.8441082385    
  -13.8420156378      -13.8398961750      -13.8377495015      -13.8355752647    
  -13.8333731070      -13.8311426665      -13.8288835763      -13.8265954649    
  -13.8242779561      -13.8219306686      -13.8195532163      -13.8171452080    
  -13.8147062475      -13.8122359336      -13.8097338597      -13.8071996142    
  -13.8046327799      -13.8020329344      -13.7993996499      -13.7967324932    
  -13.7940310251      -13.7912948013      -13.7885233715      -13.7857162796    
  -13.7828730639      -13.7799932567      -13.7770763842      -13.7741219667    
  -13.7711295184      -13.7680985474      -13.7650285553      -13.7619190376    
  -13.7587694835      -13.7555793754      -13.7523481896      -13.7490753954    
  -13.7457604558      -13.7424028269      -13.7390019578      -13.7355572910    
  -13.7320682620      -13.7285342992      -13.7249548239      -13.7213292502    
  -13.7176569851      -13.7139374280      -13.7101699713      -13.7063539995    
  -13.7024888900      -13.6985740122      -13.6946087281      -13.6905923917    
  -13.6865243495      -13.6824039397      -13.6782304928      -13.6740033313    
  -13.6697217693      -13.6653851129      -13.6609926601      -13.6565437002    
  -13.6520375145      -13.6474733756      -13.6428505475      -13.6381682859    
  -13.6334258376      -13.6286224408      -13.6237573249      -13.6188297103    
  -13.6138388087      -13.6087838227      -13.6036639459      -13.5984783628    
  -13.5932262489      -13.5879067703      -13.5825190839      -13.5770623375    
  -13.5715356692      -13.5659382080      -13.5602690734      -13.5545273754    
  -13.5487122144      -13.5428226813      -13.5368578574      -13.5308168145    
  -13.5246986146      -13.5185023101      -13.5122269436      -13.5058715480    
  -13.4994351466      -13.4929167528      -13.4863153703      -13.4796299930    
  -13.4728596050      -13.4660031807      -13.4590596848      -13.4520280720    
  -13.4449072876      -13.4376962669      -13.4303939355      -13.4229992097    
  -13.4155109957      -13.4079281905      -13.4002496812      -13.3924743458    
  -13.3846010525      -13.3766286605      -13.3685560193      -13.3603819694    
  -13.3521053423      -13.3437249601      -13.3352396363      -13.3266481754    
  -13.3179493730      -13.3091420164      -13.3002248843      -13.2911967469    
  -13.2820563664      -13.2728024968      -13.2634338844      -13.2539492677    
  -13.2443473775      -13.2346269375      -13.2247866641      -13.2148252668    
  -13.2047414485      -13.1945339055      -13.1842013278      -13.1737423995    
  -13.1631557991      -13.1524401994      -13.1415942681      -13.1306166682    
  -13.1195060578      -13.1082610912      -13.0968804185      -13.0853626862    
  -13.0737065377      -13.0619106135      -13.0499735519      -13.0378939887    
  -13.0256705584      -13.0133018942      -13.0007866284      -12.9881233930    
  -12.9753108201      -12.9623475426      -12.9492321942      -12.9359634103    
  -12.9225398285      -12.9089600888      -12.8952228346      -12.8813267130    
  -12.8672703753      -12.8530524778      -12.8386716822      -12.8241266563    
  -12.8094160746      -12.7945386192      -12.7794929800      -12.7642778554    
  -12.7488919535      -12.7333339923      -12.7176027004      -12.7016968181    
  -12.6856150975      -12.6693563040      -12.6529192163      -12.6363026276    
  -12.6195053464      -12.6025261968      -12.5853640198      -12.5680176738    
  -12.5504860355      -12.5327680006      -12.5148624847      -12.4967684239    
  -12.4784847759      -12.4600105208      -12.4413446614      -12.4224862247    
  -12.4034342623      -12.3841878512      -12.3647460950      -12.3451081240    
  -12.3252730966      -12.3052402001      -12.2850086508      -12.2645776956    
  -12.2439466121      -12.2231147099      -12.2020813309      -12.1808458502    
  -12.1594076766      -12.1377662536      -12.1159210599      -12.0938716099    
  -12.0716174545      -12.0491581813      -12.0264934158      -12.0036228214    
  -11.9805460999      -11.9572629922      -11.9337732784      -11.9100767784    
  -11.8861733524      -11.8620629004      -11.8377453635      -11.8132207231    
  -11.7884890018      -11.7635502629      -11.7384046108      -11.7130521907    
  -11.6874931889      -11.6617278321      -11.6357563875      -11.6095791626    
  -11.5831965046      -11.5566087999      -11.5298164741      -11.5028199908    
  -11.4756198514      -11.4482165942      -11.4206107934      -11.3928030587    
  -11.3647940336      -11.3365843952      -11.3081748524      -11.2795661449    
  -11.2507590420      -11.2217543408      -11.1925528654      -11.1631554646    
  -11.1335630106      -11.1037763975      -11.0737965389      -11.0436243664    
  -11.0132608275      -10.9827068835      -10.9519635073      -10.9210316814    
  -10.8899123952      -10.8586066432      -10.8271154220      -10.7954397281    
  -10.7635805552      -10.7315388918      -10.6993157185      -10.6669120051    
  -10.6343287080      -10.6015667676      -10.5686271054      -10.5355106212    
  -10.5022181903      -10.4687506608      -10.4351088509      -10.4012935463    
  -10.3673054970      -10.3331454153      -10.2988139731      -10.2643117990    
  -10.2296394766      -10.1947975419      -10.1597864810      -10.1246067286    
  -10.0892586657      -10.0537426185      -10.0180588566      -9.98220759164    
  -9.94618897702      -9.91000310660      -9.87365001462      -9.83712967551    
  -9.80044200423      -9.76358685687      -9.72656403168      -9.68937327050    
  -9.65201426070      -9.61448663746      -9.57678998674      -9.53892384857    
  -9.50088772108      -9.46268106500      -9.42430330885      -9.38575385473    
  -9.34703208481      -9.30813736849      -9.26906907037      -9.22982655884    
  -9.19040921559      -9.15081644581      -9.11104768927      -9.07110243221    
  -9.03098022006      -8.99068067100      -8.95020349044      -8.90954848621    
  -8.86871558472      -8.82770484780      -8.78651649035      -8.74515089874    
  -8.70360864982      -8.66189053051      -8.61999755788      -8.57793099965    
  -8.53569239480      -8.49328357439      -8.45070668219      -8.40796419497    
  -8.36505894227      -8.32199412528      -8.27877333459      -8.23540056641    
  -8.19188023695      -8.14821719449      -8.10441672875      -8.06048457712    
  -8.01642692713      -7.97225041489      -7.92796211875      -7.88356954794    
  -7.83908062554      -7.79450366536      -7.74984734251      -7.70512065724    
  -7.66033289181      -7.61549356052      -7.57061235275      -7.52569906942    
  -7.48076355321      -7.43581561324      -7.39086494490      -7.34592104609    
  -7.30099313095      -7.25609004250      -7.21122016589      -7.16639134390    
  -7.12161079639      -7.07688504560      -7.03221984896      -6.98762014109    
  -6.94308998645      -6.89863254385      -6.85425004380      -6.80994377941    
  -6.76571411100      -6.72156048455      -6.67748146345      -6.63347477288    
  -6.58953735587      -6.54566543961      -6.50185461070      -6.45809989761    
  -6.41439585877      -6.37073667444      -6.32711624082      -6.28352826471    
  -6.23996635721      -6.19642412521      -6.15289525946      -6.10937361814    
  -6.06585330533      -6.02232874349      -5.97879473973      -5.93524654547    
  -5.89167990933      -5.84809112327      -5.80447706202      -5.76083521606    
  -5.71716371824      -5.67346136446      -5.62972762872      -5.58596267286    
  -5.54216735136      -5.49834321164      -5.45449249012      -5.41061810460    
  -5.36672364301      -5.32281334922      -5.27889210590      -5.23496541497    
  -5.19103937575      -5.14712066122      -5.10321649242      -5.05933461146    
  -5.01548325309      -4.97167111524      -4.92790732852      -4.88420142493    
  -4.84056330588      -4.79700320974      -4.75353167887      -4.71015952646    
  -4.66689780307      -4.62375776314      -4.58075083147      -4.53788856979    
  -4.49518264349      -4.45264478862      -4.41028677916      -4.36812039476    
  -4.32615738887      -4.28440945745      -4.24288820830      -4.20160513098    
  -4.16057156749      -4.11979868380      -4.07929744208      -4.03907857398    
  -3.99915255470      -3.95952957823      -3.92021953346      -3.88123198157    
  -3.84257613436      -3.80426083396      -3.76629453358      -3.72868527964    
  -3.69144069513      -3.65456796430      -3.61807381869      -3.58196452453    
  -3.54624587152      -3.51092316303      -3.47600120770      -3.44148431247    
  -3.40737627705      -3.37368038978      -3.34039942500      -3.30753564177    
  -3.27509078403      -3.24306608213      -3.21146225580      -3.18027951846    
  -3.14951758275      -3.11917566758      -3.08925250620      -3.05974635572    
  -3.03065500764      -3.00197579965      -2.97370562847      -2.94584096372    
  -2.91837786282      -2.89131198681      -2.86463861702      -2.83835267258    
  -2.81244872868      -2.78692103546      -2.76176353759      -2.73696989434    
  -2.71253350011      -2.68844750544      -2.66470483821      -2.64129822528    
  -2.61822021410      -2.59546319462      -2.57301942113      -2.55088103406    
  -2.52904008174      -2.50748854195      -2.48621834319      -2.46522138572    
  -2.44448956217      -2.42401477772      -2.40378896984      -2.38380412744    
  -2.36405230941      -2.34452566257      -2.32521643887      -2.30611701191    
  -2.28721989265      -2.26851774434      -2.25000339662      -2.23166985874    
  -2.21351033196      -2.19551822096      -2.17768714450      -2.16001094498    
  -2.14248369729      -2.12509971657      -2.10785356523      -2.09074005891    
  -2.07375427175      -2.05689154061      -2.04014746864      -2.02351792789    
  -2.00699906122      -1.99058728342      -1.97427928168      -1.95807201530    
  -1.94196271483      -1.92594888053      -1.91002828041      -1.89419894759    
  -1.87845917733      -1.86280752355      -1.84724279499      -1.83176405104    
  -1.81637059725      -1.80106198060      -1.78583798450      -1.77069862364    
  -1.75564413866      -1.74067499072      -1.72579185590      -1.71099561955    
  -1.69628737059      -1.68166839571      -1.66714017354      -1.65270436874    
  -1.63836282609      -1.62411756444      -1.60997077066      -1.59592479344    
  -1.58198213701      -1.56814545467      -1.55441754220      -1.54080133102    
  -1.52729988110      -1.51391637360      -1.50065410318      -1.48751646994    
  -1.47450697093      -1.46162919121      -1.44888679447      -1.43628351306    
  -1.42382313752      -1.41150950552      -1.39934649020      -1.38733798801    
  -1.37548790578      -1.36380014742      -1.35227859994      -1.34092711901    
  -1.32974951400      -1.31874953271      -1.30793084567      -1.29729703027    
  -1.28685155468      -1.27659776171      -1.26653885282      -1.25667787222    
  -1.24701769131      -1.23756099359      -1.22831026007      -1.21926775544    
  -1.21043551506      -1.20181533286      -1.19340875033      -1.18521704670    
  -1.17724123033      -1.16948203150      -1.16193989662      -1.15461498384    
  -1.14750716026      -1.14061600059      -1.13394078741      -1.12748051287    
  -1.12123388199      -1.11519931730      -1.10937496497      -1.10375870218    
  -1.09834814578      -1.09314066213      -1.08813337793      -1.08332319201    
  -1.07870678801      -1.07428064775      -1.07004106516      -1.06598416082    
  -1.06210589678      -1.05840209166      -1.05486843600      -1.05150050758    
  -1.04829378669      -1.04524367139      -1.04234549246      -1.03959452803    
  -1.03698601799      -1.03451517783      -1.03217721210      -1.02996732727    
  -1.02788074411      -1.02591270937      -1.02405850689      -1.02231346801    
  -1.02067298136      -1.01913250196      -1.01768755957      -1.01633376641    
  -1.01506682415      -1.01388253027      -1.01277678368      -1.01174558972    
  -1.01078506452      -1.00989143870      -1.00906106048      -1.00829039818    
  -1.00757604225      -1.00691470660      -1.00630322958      -1.00573857434    
  -1.00521782886      -1.00473820542      -1.00429703977      -1.00389178988    
  -1.00352003431      -1.00317947039      -1.00286791192      -1.00258328679    
  -1.00232363426      -1.00208710207      -1.00187194332      -1.00167651332    
  -1.00149926611      -1.00133875108      -1.00119360936      -1.00106257021    
  -1.00094444732      -1.00083813517      -1.00074260528      -1.00065690255    
  -1.00058014160      -1.00051150310      -1.00045023027      -1.00039562535    
  -1.00034704616      -1.00030390277      -1.00026565431      -1.00023180573    
  -1.00020190488      -1.00017553951      -1.00015233453      -1.00013194930    
  -1.00011407507      -1.00009843259      -1.00008476979      -1.00007285956    
  -1.00006249776      -1.00005350124      -1.00004570605      -1.00003896571    
  -1.00003314968      -1.00002814183      -1.00002383911      -1.00002015025    
  -1.00001699463      -1.00001430117      -1.00001200737      -1.00001005839    
  -1.00000840621      -1.00000700892      -1.00000582999      -1.00000483768    
  -1.00000400448      -1.00000330660      -1.00000272352      -1.00000223757    
  -1.00000183363      -1.00000149870      -1.00000122174      -1.00000099331    
  -1.00000080541      -1.00000065128      -1.00000052519      -1.00000042233    
  -1.00000033866      -1.00000027078      -1.00000021589      -1.00000017162    
  -1.00000013602      -1.00000010749      -1.00000008469      -1.00000006652    
  -1.00000005209      -1.00000004066      -1.00000003165      -1.00000002455    
  -1.00000001899      -1.00000001465      -1.00000001126      -1.00000000863    
  -1.00000000660      -1.00000000503      -1.00000000383      -1.00000000291    
  -1.00000000221      -1.00000000168      -1.00000000127      -1.00000000097    
  -1.00000000074      -1.00000000057      -1.00000000044      -1.00000000035    
  -1.00000000028      -1.00000000023      -1.00000000019      -1.00000000016    
  -1.00000000014      -1.00000000013      -1.00000000012      -1.00000000011    
  -1.00000000011      -1.00000000010      -1.00000000010      -1.00000000010    
  -1.00000000010      -1.00000000010      -1.00000000010      -1.00000000010    
  -1.00000000010      -1.00000000010      -1.00000000010      -1.00000000010    
  -1.00000000010      -1.00000000010      -1.00000000010      -1.00000000010    
  -1.00000000010      -1.00000000010      -1.00000000010      -1.00000000010    
  -1.00000000010      -1.00000000010      -1.00000000010      -1.00000000010    
  -1.00000000010      -1.00000000010      -1.00000000010      -1.00000000010    
  -1.00000000010      -1.00000000010      -1.00000000011      -1.00000000011    
  -1.00000000011      -1.00000000011      -1.00000000011      -1.00000000011    
  -1.00000000011      -1.00000000011      -1.00000000011      -1.00000000011    
  -1.00000000011      -1.00000000011      -1.00000000011      -1.00000000011    
  -1.00000000011      -1.00000000011      -1.00000000011      -1.00000000011    
  -1.00000000011      -1.00000000011      -1.00000000011      -1.00000000011    
  -1.00000000011      -1.00000000011      -1.00000000011      -1.00000000011    
  -1.00000000011      -1.00000000012      -1.00000000012      -1.00000000012    
  -1.00000000012      -1.00000000012      -1.00000000012      -1.00000000012    
  -1.00000000012      -1.00000000012      -1.00000000012      -1.00000000012    
  -1.00000000012      -1.00000000012      -1.00000000012      -1.00000000012    
  -1.00000000012      -1.00000000012      -1.00000000012      -1.00000000012    
  -1.00000000012      -1.00000000012      -1.00000000012      -1.00000000012    
  -1.00000000012      -1.00000000011    
Up potential follows (l on next line)
 1
  -13.9998930774      -13.9997848077      -13.9996751739      -13.9995641587    
  -13.9994517448      -13.9993379145      -13.9992226498      -13.9991059328    
  -13.9989877450      -13.9988680680      -13.9987468828      -13.9986241705    
  -13.9984999118      -13.9983740872      -13.9982466768      -13.9981176607    
  -13.9979870186      -13.9978547300      -13.9977207741      -13.9975851297    
  -13.9974477757      -13.9973086903      -13.9971678518      -13.9970252379    
  -13.9968808263      -13.9967345943      -13.9965865188      -13.9964365766    
  -13.9962847441      -13.9961309973      -13.9959753122      -13.9958176641    
  -13.9956580284      -13.9954963799      -13.9953326931      -13.9951669423    
  -13.9949991014      -13.9948291440      -13.9946570433      -13.9944827722    
  -13.9943063033      -13.9941276089      -13.9939466606      -13.9937634302    
  -13.9935778886      -13.9933900067      -13.9931997548      -13.9930071031    
  -13.9928120211      -13.9926144781      -13.9924144429      -13.9922118841    
  -13.9920067697      -13.9917990673      -13.9915887443      -13.9913757674    
  -13.9911601030      -13.9909417172      -13.9907205755      -13.9904966430    
  -13.9902698844      -13.9900402639      -13.9898077452      -13.9895722917    
  -13.9893338662      -13.9890924310      -13.9888479481      -13.9886003788    
  -13.9883496841      -13.9880958242      -13.9878387593      -13.9875784485    
  -13.9873148508      -13.9870479246      -13.9867776276      -13.9865039171    
  -13.9862267499      -13.9859460821      -13.9856618693      -13.9853740667    
  -13.9850826286      -13.9847875090      -13.9844886612      -13.9841860379    
  -13.9838795911      -13.9835692724      -13.9832550327      -13.9829368222    
  -13.9826145904      -13.9822882865      -13.9819578586      -13.9816232544    
  -13.9812844210      -13.9809413045      -13.9805938507      -13.9802420044    
  -13.9798857098      -13.9795249105      -13.9791595492      -13.9787895679    
  -13.9784149079      -13.9780355099      -13.9776513135      -13.9772622578    
  -13.9768682809      -13.9764693204      -13.9760653129      -13.9756561941    
  -13.9752418991      -13.9748223620      -13.9743975161      -13.9739672940    
  -13.9735316271      -13.9730904462      -13.9726436811      -13.9721912607    
  -13.9717331130      -13.9712691651      -13.9707993432      -13.9703235723    
  -13.9698417769      -13.9693538799      -13.9688598039      -13.9683594699    
  -13.9678527983      -13.9673397083      -13.9668201180      -13.9662939445    
  -13.9657611040      -13.9652215114      -13.9646750805      -13.9641217241    
  -13.9635613539      -13.9629938803      -13.9624192127      -13.9618372593    
  -13.9612479270      -13.9606511217      -13.9600467478      -13.9594347087    
  -13.9588149065      -13.9581872421      -13.9575516149      -13.9569079231    
  -13.9562560637      -13.9555959323      -13.9549274231      -13.9542504290    
  -13.9535648413      -13.9528705503      -13.9521674445      -13.9514554111    
  -13.9507343358      -13.9500041030      -13.9492645954      -13.9485156941    
  -13.9477572789      -13.9469892280      -13.9462114178      -13.9454237233    
  -13.9446260178      -13.9438181730      -13.9430000589      -13.9421715438    
  -13.9413324944      -13.9404827754      -13.9396222500      -13.9387507796    
  -13.9378682236      -13.9369744397      -13.9360692839      -13.9351526100    
  -13.9342242702      -13.9332841146      -13.9323319913      -13.9313677466    
  -13.9303912248      -13.9294022678      -13.9284007160      -13.9273864073    
  -13.9263591776      -13.9253188608      -13.9242652884      -13.9231982898    
  -13.9221176923      -13.9210233208      -13.9199149979      -13.9187925440    
  -13.9176557770      -13.9165045125      -13.9153385638      -13.9141577416    
  -13.9129618542      -13.9117507074      -13.9105241044      -13.9092818458    
  -13.9080237299      -13.9067495519      -13.9054591046      -13.9041521781    
  -13.9028285597      -13.9014880338      -13.9001303822      -13.8987553837    
  -13.8973628143      -13.8959524469      -13.8945240516      -13.8930773955    
  -13.8916122425      -13.8901283535      -13.8886254863      -13.8871033955    
  -13.8855618325      -13.8840005455      -13.8824192792      -13.8808177753    
  -13.8791957718      -13.8775530034      -13.8758892014      -13.8742040934    
  -13.8724974038      -13.8707688529      -13.8690181578      -13.8672450316    
  -13.8654491837      -13.8636303200      -13.8617881421      -13.8599223479    
  -13.8580326316      -13.8561186830      -13.8541801882      -13.8522168290    
  -13.8502282830      -13.8482142238      -13.8461743206      -13.8441082385    
  -13.8420156378      -13.8398961750      -13.8377495015      -13.8355752647    
  -13.8333731070      -13.8311426665      -13.8288835763      -13.8265954649    
  -13.8242779561      -13.8219306686      -13.8195532163      -13.8171452080    
  -13.8147062475      -13.8122359336      -13.8097338597      -13.8071996142    
  -13.8046327799      -13.8020329344      -13.7993996499      -13.7967324932    
  -13.7940310251      -13.7912948013      -13.7885233715      -13.7857162796    
  -13.7828730639      -13.7799932567      -13.7770763842      -13.7741219667    
  -13.7711295184      -13.7680985474      -13.7650285553      -13.7619190376    
  -13.7587694835      -13.7555793754      -13.7523481896      -13.7490753954    
  -13.7457604558      -13.7424028269      -13.7390019578      -13.7355572910    
  -13.7320682620      -13.7285342992      -13.7249548239      -13.7213292502    
  -13.7176569851      -13.7139374280      -13.7101699713      -13.7063539995    
  -13.7024888900      -13.6985740122      -13.6946087281      -13.6905923917    
  -13.6865243495      -13.6824039397      -13.6782304928      -13.6740033313    
  -13.6697217693      -13.6653851129      -13.6609926601      -13.6565437002    
  -13.6520375145      -13.6474733756      -13.6428505475      -13.6381682859    
  -13.6334258376      -13.6286224408      -13.6237573249      -13.6188297103    
  -13.6138388087      -13.6087838227      -13.6036639459      -13.5984783628    
  -13.5932262489      -13.5879067703      -13.5825190839      -13.5770623375    
  -13.5715356692      -13.5659382080      -13.5602690734      -13.5545273754    
  -13.5487122144      -13.5428226813      -13.5368578574      -13.5308168145    
  -13.5246986146      -13.5185023101      -13.5122269436      -13.5058715480    
  -13.4994351466      -13.4929167528      -13.4863153703      -13.4796299930    
  -13.4728596050      -13.4660031807      -13.4590596848      -13.4520280720    
  -13.4449072876      -13.4376962669      -13.4303939355      -13.4229992097    
  -13.4155109957      -13.4079281905      -13.4002496812      -13.3924743458    
  -13.3846010525      -13.3766286605      -13.3685560193      -13.3603819694    
  -13.3521053423      -13.3437249601      -13.3352396363      -13.3266481754    
  -13.3179493730      -13.3091420164      -13.3002248843      -13.2911967469    
  -13.2820563664      -13.2728024968      -13.2634338844      -13.2539492677    
  -13.2443473775      -13.2346269375      -13.2247866641      -13.2148252668    
  -13.2047414485      -13.1945339055      -13.1842013278      -13.1737423995    
  -13.1631557991      -13.1524401994      -13.1415942681      -13.1306166682    
  -13.1195060578      -13.1082610912      -13.0968804185      -13.0853626862    
  -13.0737065377      -13.0619106135      -13.0499735519      -13.0378939887    
  -13.0256705584      -13.0133018942      -13.0007866284      -12.9881233930    
  -12.9753108201      -12.9623475426      -12.9492321942      -12.9359634103    
  -12.9225398285      -12.9089600888      -12.8952228346      -12.8813267130    
  -12.8672703753      -12.8530524778      -12.8386716822      -12.8241266563    
  -12.8094160746      -12.7945386192      -12.7794929800      -12.7642778554    
  -12.7488919535      -12.7333339923      -12.7176027004      -12.7016968181    
  -12.6856150975      -12.6693563040      -12.6529192163      -12.6363026276    
  -12.6195053464      -12.6025261968      -12.5853640198      -12.5680176738    
  -12.5504860355      -12.5327680006      -12.5148624847      -12.4967684239    
  -12.4784847759      -12.4600105208      -12.4413446614      -12.4224862247    
  -12.4034342623      -12.3841878512      -12.3647460950      -12.3451081240    
  -12.3252730966      -12.3052402001      -12.2850086508      -12.2645776956    
  -12.2439466121      -12.2231147099      -12.2020813309      -12.1808458502    
  -12.1594076766      -12.1377662536      -12.1159210599      -12.0938716099    
  -12.0716174545      -12.0491581813      -12.0264934158      -12.0036228214    
  -11.9805460999      -11.9572629922      -11.9337732784      -11.9100767784    
  -11.8861733524      -11.8620629004      -11.8377453635      -11.8132207231    
  -11.7884890018      -11.7635502629      -11.7384046108      -11.7130521907    
  -11.6874931889      -11.6617278321      -11.6357563875      -11.6095791626    
  -11.5831965046      -11.5566087999      -11.5298164741      -11.5028199908    
  -11.4756198514      -11.4482165942      -11.4206107934      -11.3928030587    
  -11.3647940336      -11.3365843952      -11.3081748524      -11.2795661449    
  -11.2507590420      -11.2217543408      -11.1925528654      -11.1631554646    
  -11.1335630106      -11.1037763975      -11.0737965389      -11.0436243664    
  -11.0132608275      -10.9827068835      -10.9519635073      -10.9210316814    
  -10.8899123952      -10.8586066432      -10.8271154220      -10.7954397281    
  -10.7635805552      -10.7315388918      -10.6993157185      -10.6669120051    
  -10.6343287080      -10.6015667676      -10.5686271054      -10.5355106212    
  -10.5022181903      -10.4687506608      -10.4351088509      -10.4012935463    
  -10.3673054970      -10.3331454153      -10.2988139731      -10.2643117990    
  -10.2296394766      -10.1947975419      -10.1597864810      -10.1246067286    
  -10.0892586657      -10.0537426185      -10.0180588566      -9.98220759164    
  -9.94618897702      -9.91000310660      -9.87365001462      -9.83712967551    
  -9.80044200423      -9.76358685687      -9.72656403168      -9.68937327050    
  -9.65201426070      -9.61448663746      -9.57678998674      -9.53892384857    
  -9.50088772108      -9.46268106500      -9.42430330885      -9.38575385473    
  -9.34703208481      -9.30813736849      -9.26906907037      -9.22982655884    
  -9.19040921559      -9.15081644581      -9.11104768927      -9.07110243221    
  -9.03098022006      -8.99068067100      -8.95020349044      -8.90954848621    
  -8.86871558472      -8.82770484780      -8.78651649035      -8.74515089874    
  -8.70360864982      -8.66189053051      -8.61999755788      -8.57793099965    
  -8.53569239480      -8.49328357439      -8.45070668219      -8.40796419497    
  -8.36505894227      -8.32199412528      -8.27877333459      -8.23540056641    
  -8.19188023695      -8.14821719449      -8.10441672875      -8.06048457712    
  -8.01642692713      -7.97225041489      -7.92796211875      -7.88356954794    
  -7.83908062554      -7.79450366536      -7.74984734251      -7.70512065724    
  -7.66033289181      -7.61549356052      -7.57061235275      -7.52569906942    
  -7.48076355321      -7.43581561324      -7.39086494490      -7.34592104609    
  -7.30099313095      -7.25609004250      -7.21122016589      -7.16639134390    
  -7.12161079639      -7.07688504560      -7.03221984896      -6.98762014109    
  -6.94308998645      -6.89863254385      -6.85425004380      -6.80994377941    
  -6.76571411100      -6.72156048455      -6.67748146345      -6.63347477288    
  -6.58953735587      -6.54566543961      -6.50185461070      -6.45809989761    
  -6.41439585877      -6.37073667444      -6.32711624082      -6.28352826471    
  -6.23996635721      -6.19642412521      -6.15289525946      -6.10937361814    
  -6.06585330533      -6.02232874349      -5.97879473973      -5.93524654547    
  -5.89167990933      -5.84809112327      -5.80447706202      -5.76083521606    
  -5.71716371824      -5.67346136446      -5.62972762872      -5.58596267286    
  -5.54216735136      -5.49834321164      -5.45449249012      -5.41061810460    
  -5.36672364301      -5.32281334922      -5.27889210590      -5.23496541497    
  -5.19103937575      -5.14712066122      -5.10321649242      -5.05933461146    
  -5.01548325309      -4.97167111524      -4.92790732852      -4.88420142493    
  -4.84056330588      -4.79700320974      -4.75353167887      -4.71015952646    
  -4.66689780307      -4.62375776314      -4.58075083147      -4.53788856979    
  -4.49518264349      -4.45264478862      -4.41028677916      -4.36812039476    
  -4.32615738887      -4.28440945745      -4.24288820830      -4.20160513098    
  -4.16057156749      -4.11979868380      -4.07929744208      -4.03907857398    
  -3.99915255470      -3.95952957823      -3.92021953346      -3.88123198157    
  -3.84257613436      -3.80426083396      -3.76629453358      -3.72868527964    
  -3.69144069513      -3.65456796430      -3.61807381869      -3.58196452453    
  -3.54624587152      -3.51092316303      -3.47600120770      -3.44148431247    
  -3.40737627705      -3.37368038978      -3.34039942500      -3.30753564177    
  -3.27509078403      -3.24306608213      -3.21146225580      -3.18027951846    
  -3.14951758275      -3.11917566758      -3.08925250620      -3.05974635572    
  -3.03065500764      -3.00197579965      -2.97370562847      -2.94584096372    
  -2.91837786282      -2.89131198681      -2.86463861702      -2.83835267258    
  -2.81244872868      -2.78692103546      -2.76176353759      -2.73696989434    
  -2.71253350011      -2.68844750544      -2.66470483821      -2.64129822528    
  -2.61822021410      -2.59546319462      -2.57301942113      -2.55088103406    
  -2.52904008174      -2.50748854195      -2.48621834319      -2.46522138572    
  -2.44448956217      -2.42401477772      -2.40378896984      -2.38380412744    
  -2.36405230941      -2.34452566257      -2.32521643887      -2.30611701191    
  -2.28721989265      -2.26851774434      -2.25000339662      -2.23166985874    
  -2.21351033196      -2.19551822096      -2.17768714450      -2.16001094498    
  -2.14248369729      -2.12509971657      -2.10785356523      -2.09074005891    
  -2.07375427175      -2.05689154061      -2.04014746864      -2.02351792789    
  -2.00699906122      -1.99058728342      -1.97427928168      -1.95807201530    
  -1.94196271483      -1.92594888053      -1.91002828041      -1.89419894759    
  -1.87845917733      -1.86280752355      -1.84724279499      -1.83176405104    
  -1.81637059725      -1.80106198060      -1.78583798450      -1.77069862364    
  -1.75564413866      -1.74067499072      -1.72579185590      -1.71099561955    
  -1.69628737059      -1.68166839571      -1.66714017354      -1.65270436874    
  -1.63836282609      -1.62411756444      -1.60997077066      -1.59592479344    
  -1.58198213701      -1.56814545467      -1.55441754220      -1.54080133102    
  -1.52729988110      -1.51391637360      -1.50065410318      -1.48751646994    
  -1.47450697093      -1.46162919121      -1.44888679447      -1.43628351306    
  -1.42382313752      -1.41150950552      -1.39934649020      -1.38733798801    
  -1.37548790578      -1.36380014742      -1.35227859994      -1.34092711901    
  -1.32974951400      -1.31874953271      -1.30793084567      -1.29729703027    
  -1.28685155468      -1.27659776171      -1.26653885282      -1.25667787222    
  -1.24701769131      -1.23756099359      -1.22831026007      -1.21926775544    
  -1.21043551506      -1.20181533286      -1.19340875033      -1.18521704670    
  -1.17724123033      -1.16948203150      -1.16193989662      -1.15461498384    
  -1.14750716026      -1.14061600059      -1.13394078741      -1.12748051287    
  -1.12123388199      -1.11519931730      -1.10937496497      -1.10375870218    
  -1.09834814578      -1.09314066213      -1.08813337793      -1.08332319201    
  -1.07870678801      -1.07428064775      -1.07004106516      -1.06598416082    
  -1.06210589678      -1.05840209166      -1.05486843600      -1.05150050758    
  -1.04829378669      -1.04524367139      -1.04234549246      -1.03959452803    
  -1.03698601799      -1.03451517783      -1.03217721210      -1.02996732727    
  -1.02788074411      -1.02591270937      -1.02405850689      -1.02231346801    
  -1.02067298136      -1.01913250196      -1.01768755957      -1.01633376641    
  -1.01506682415      -1.01388253027      -1.01277678368      -1.01174558972    
  -1.01078506452      -1.00989143870      -1.00906106048      -1.00829039818    
  -1.00757604225      -1.00691470660      -1.00630322958      -1.00573857434    
  -1.00521782886      -1.00473820542      -1.00429703977      -1.00389178988    
  -1.00352003431      -1.00317947039      -1.00286791192      -1.00258328679    
  -1.00232363426      -1.00208710207      -1.00187194332      -1.00167651332    
  -1.00149926611      -1.00133875108      -1.00119360936      -1.00106257021    
  -1.00094444732      -1.00083813517      -1.00074260528      -1.00065690255    
  -1.00058014160      -1.00051150310      -1.00045023027      -1.00039562535    
  -1.00034704616      -1.00030390277      -1.00026565431      -1.00023180573    
  -1.00020190488      -1.00017553951      -1.00015233453      -1.00013194930    
  -1.00011407507      -1.00009843259      -1.00008476979      -1.00007285956    
  -1.00006249776      -1.00005350124      -1.00004570605      -1.00003896571    
  -1.00003314968      -1.00002814183      -1.00002383911      -1.00002015025    
  -1.00001699463      -1.00001430117      -1.00001200737      -1.00001005839    
  -1.00000840621      -1.00000700892      -1.00000582999      -1.00000483768    
  -1.00000400448      -1.00000330660      -1.00000272352      -1.00000223757    
  -1.00000183363      -1.00000149870      -1.00000122174      -1.00000099331    
  -1.00000080541      -1.00000065128      -1.00000052519      -1.00000042233    
  -1.00000033866      -1.00000027078      -1.00000021589      -1.00000017162    
  -1.00000013602      -1.00000010749      -1.00000008469      -1.00000006652    
  -1.00000005209      -1.00000004066      -1.00000003165      -1.00000002455    
  -1.00000001899      -1.00000001465      -1.00000001126      -1.00000000863    
  -1.00000000660      -1.00000000503      -1.00000000383      -1.00000000291    
  -1.00000000221      -1.00000000168      -1.00000000127      -1.00000000097    
  -1.00000000074      -1.00000000057      -1.00000000044      -1.00000000035    
  -1.00000000028      -1.00000000023      -1.00000000019      -1.00000000016    
  -1.00000000014      -1.00000000013      -1.00000000012      -1.00000000011    
  -1.00000000011      -1.00000000010      -1.00000000010      -1.00000000010    
  -1.00000000010      -1.00000000010      -1.00000000010      -1.00000000010    
  -1.00000000010      -1.00000000010      -1.00000000010      -1.00000000010    
  -1.00000000010      -1.00000000010      -1.00000000010      -1.00000000010    
  -1.00000000010      -1.00000000010      -1.00000000010      -1.00000000010    
  -1.00000000010      -1.00000000010      -1.00000000010      -1.00000000010    
  -1.00000000010      -1.00000000010      -1.00000000010      -1.00000000010    
  -1.00000000010      -1.00000000010      -1.00000000011      -1.00000000011    
  -1.00000000011      -1.00000000011      -1.00000000011      -1.00000000011    
  -1.00000000011      -1.00000000011      -1.00000000011      -1.00000000011    
  -1.00000000011      -1.00000000011      -1.00000000011      -1.00000000011    
  -1.00000000011      -1.00000000011      -1.00000000011      -1.00000000011    
  -1.00000000011      -1.00000000011      -1.00000000011      -1.00000000011    
  -1.00000000011      -1.00000000011      -1.00000000011      -1.00000000011    
  -1.00000000011      -1.00000000012      -1.00000000012      -1.00000000012    
  -1.00000000012      -1.00000000012      -1.00000000012      -1.00000000012    
  -1.00000000012      -1.00000000012      -1.00000000012      -1.00000000012    
  -1.00000000012      -1.00000000012      -1.00000000012      -1.00000000012    
  -1.00000000012      -1.00000000012      -1.00000000012      -1.00000000012    
  -1.00000000012      -1.00000000012      -1.00000000012      -1.00000000012    
  -1.00000000012      -1.00000000011    
